time	02_Sample_Exc=300nm_Em=450nm_T=700K_I=10mkA_Fon=201.txt_dt=_DT=8s
0.000	0
0.653	0
1.305	0
1.958	0
2.610	0
3.263	0
3.916	0
4.568	0
5.221	0
5.874	0
6.526	0
7.179	0
7.831	0
8.484	0
9.137	0
9.789	0
10.442	0
11.094	0
11.747	0
12.400	0
13.052	0
13.705	0
14.357	0
15.010	0
15.663	0
16.315	0
16.968	0
17.621	0
18.273	0
18.926	0
19.578	0
20.231	0
20.884	0
21.536	0
22.189	0
22.841	0
23.494	0
24.147	0
24.799	0
25.452	0
26.105	0
26.757	0
27.410	0
28.062	0
28.715	0
29.368	0
30.020	0
30.673	0
31.325	0
31.978	0
32.631	0
33.283	0
33.936	0
34.588	0
35.241	0
35.894	0
36.546	0
37.199	0
37.852	0
38.504	0
39.157	0
39.809	0
40.462	0
41.115	0
41.767	0
42.420	0
43.072	0
43.725	0
44.378	0
45.030	0
45.683	0
46.335	0
46.988	0
47.641	0
48.293	0
48.946	0
49.599	0
50.251	0
50.904	0
51.556	0
52.209	0
52.862	0
53.514	0
54.167	0
54.819	0
55.472	0
56.125	0
56.777	0
57.430	0
58.083	0
58.735	0
59.388	0
60.040	0
60.693	0
61.346	0
61.998	0
62.651	0
63.303	0
63.956	0
64.609	0
65.261	0
65.914	0
66.566	0
67.219	0
67.872	0
68.524	0
69.177	0
69.830	0
70.482	0
71.135	0
71.787	0
72.440	0
73.093	0
73.745	0
74.398	0
75.050	0
75.703	0
76.356	0
77.008	0
77.661	0
78.314	0
78.966	0
79.619	0
80.271	0
80.924	0
81.577	0
82.229	0
82.882	0
83.534	0
84.187	0
84.840	0
85.492	0
86.145	0
86.797	0
87.450	0
88.103	0
88.755	0
89.408	0
90.061	0
90.713	0
91.366	0
92.018	0
92.671	0
93.324	0
93.976	0
94.629	0
95.281	0
95.934	0
96.587	0
97.239	0
97.892	0
98.544	0
99.197	0
99.850	0
100.502	0
101.155	0
101.808	0
102.460	0
103.113	0
103.765	0
104.418	0
105.071	0
105.723	0
106.376	0
107.028	0
107.681	0
108.334	0
108.986	0
109.639	0
110.292	0
110.944	0
111.597	0
112.249	0
112.902	0
113.555	0
114.207	0
114.860	0
115.512	0
116.165	0
116.818	0
117.470	0
118.123	0
118.775	0
119.428	0
120.081	0
120.733	0
121.386	0
122.039	0
122.691	0
123.344	0
123.996	0
124.649	0
125.302	0
125.954	0
126.607	0
127.259	0
127.912	0
128.565	0
129.217	0
129.870	0
130.523	0
131.175	0
131.828	0
132.480	0
133.133	0
133.786	0
134.438	0
135.091	0
135.743	0
136.396	0
137.049	0
137.701	0
138.354	0
139.006	0
139.659	0
140.312	0
140.964	0
141.617	0
142.270	0
142.922	0
143.575	0
144.227	0
144.880	0
145.533	0
146.185	0
146.838	0
147.490	0
148.143	0
148.796	0
149.448	0
150.101	0
150.753	0
151.406	0
152.059	0
152.711	0
153.364	0
154.017	0
154.669	0
155.322	0
155.974	0
156.627	0
157.280	0
157.932	0
158.585	0
159.237	0
159.890	0
160.543	0
161.195	0
161.848	0
162.501	0
163.153	0
163.806	0
164.458	0
165.111	0
165.764	0
166.416	0
167.069	0
167.721	0
168.374	0
169.027	0
169.679	0
170.332	0
170.984	0
171.637	0
172.290	0
172.942	0
173.595	0
174.248	0
174.900	0
175.553	0
176.205	0
176.858	0
177.511	0
178.163	0
178.816	0
179.468	0
180.121	0
180.774	0
181.426	0
182.079	0
182.732	0
183.384	0
184.037	0
184.689	0
185.342	0
185.995	0
186.647	0
187.300	0
187.952	0
188.605	0
189.258	0
189.910	0
190.563	0
191.215	0
191.868	0
192.521	0
193.173	0
193.826	0
194.479	0
195.131	0
195.784	0
196.436	0
197.089	0
197.742	0
198.394	0
199.047	0
199.699	0
200.352	0
201.005	0
201.657	0
202.310	0
202.962	0
203.615	0
204.268	0
204.920	0
205.573	0
206.226	0
206.878	0
207.531	0
208.183	0
208.836	0
209.489	0
210.141	0
210.794	0
211.446	0
212.099	0
212.752	0
213.404	0
214.057	0
214.710	0
215.362	0
216.015	0
216.667	0
217.320	0
217.973	0
218.625	0
219.278	0
219.930	0
220.583	0
221.236	0
221.888	0
222.541	0
223.193	0
223.846	0
224.499	0
225.151	0
225.804	0
226.457	0
227.109	0
227.762	0
228.414	0
229.067	0
229.720	0
230.372	0
231.025	0
231.677	0
232.330	0
232.983	0
233.635	0
234.288	0
234.941	0
235.593	0
236.246	0
236.898	0
237.551	0
238.204	0
238.856	0
239.509	0
240.161	0
240.814	0
241.467	0
242.119	0
242.772	0
243.424	0
244.077	0
244.730	0
245.382	0
246.035	0
246.688	0
247.340	0
247.993	0
248.645	0
249.298	0
249.951	0
250.603	0
251.256	0
251.908	0
252.561	0
253.214	0
253.866	0
254.519	0
255.171	0
255.824	0
256.477	0
257.129	0
257.782	0
258.435	0
259.087	0
259.740	0
260.392	0
261.045	0
261.698	0
262.350	0
263.003	0
263.655	0
264.308	0
264.961	0
265.613	0
266.266	0
266.919	0
267.571	0
268.224	0
268.876	0
269.529	0
270.182	0
270.834	0
271.487	0
272.139	0
272.792	0
273.445	0
274.097	0
274.750	0
275.402	0
276.055	0
276.708	0
277.360	0
278.013	0
278.666	0
279.318	0
279.971	0
280.623	0
281.276	0
281.929	0
282.581	0
283.234	0
283.886	0
284.539	0
285.192	0
285.844	0
286.497	0
287.150	0
287.802	0
288.455	0
289.107	0
289.760	0
290.413	0
291.065	0
291.718	0
292.370	0
293.023	0
293.676	0
294.328	0
294.981	0
295.633	0
296.286	0
296.939	0
297.591	0
298.244	0
298.897	0
299.549	0
300.202	0
300.854	0
301.507	0
302.160	0
302.812	0
303.465	0
304.117	0
304.770	0
305.423	0
306.075	0
306.728	0
307.380	0
308.033	0
308.686	0
309.338	0
309.991	0
310.644	0
311.296	0
311.949	0
312.601	0
313.254	0
313.907	0
314.559	0
315.212	0
315.864	0
316.517	0
317.170	0
317.822	0
318.475	0
319.128	0
319.780	0
320.433	0
321.085	0
321.738	0
322.391	0
323.043	0
323.696	0
324.348	0
325.001	0
325.654	0
326.306	0
326.959	0
327.611	0
328.264	0
328.917	0
329.569	0
330.222	0
330.875	0
331.527	0
332.180	0
332.832	0
333.485	0
334.138	0
334.790	0
335.443	0
336.095	0
336.748	0
337.401	0
338.053	0
338.706	0
339.359	0
340.011	0
340.664	0
341.316	0
341.969	0
342.622	0
343.274	0
343.927	0
344.579	0
345.232	0
345.885	0
346.537	0
347.190	0
347.842	0
348.495	0
349.148	0
349.800	0
350.453	0
351.106	0
351.758	0
352.411	0
353.063	0
353.716	0
354.369	0
355.021	0
355.674	0
356.326	0
356.979	0
357.632	0
358.284	0
358.937	0
359.589	0
360.242	0
360.895	0
361.547	0
362.200	0
362.853	0
363.505	0
364.158	0
364.810	0
365.463	0
366.116	0
366.768	0
367.421	0
368.073	0
368.726	0
369.379	0
370.031	0
370.684	0
371.337	0
371.989	0
372.642	0
373.294	0
373.947	0
374.600	0
375.252	0
375.905	0
376.557	0
377.210	0
377.863	0
378.515	0
379.168	0
379.820	0
380.473	0
381.126	0
381.778	0
382.431	0
383.084	0
383.736	0
384.389	0
385.041	0
385.694	0
386.347	0
386.999	0
387.652	0
388.304	0
388.957	0
389.610	0
390.262	0
390.915	0
391.568	0
392.220	0
392.873	0
393.525	0
394.178	0
394.831	0
395.483	0
396.136	0
396.788	0
397.441	0
398.094	0
398.746	0
399.399	0
400.051	0
400.704	0
401.357	0
402.009	0
402.662	0
403.315	0
403.967	0
404.620	0
405.272	0
405.925	0
406.578	0
407.230	0
407.883	0
408.535	0
409.188	0
409.841	0
410.493	0
411.146	0
411.798	0
412.451	0
413.104	0
413.756	0
414.409	0
415.062	0
415.714	0
416.367	0
417.019	0
417.672	0
418.325	0
418.977	0
419.630	0
420.282	0
420.935	0
421.588	0
422.240	0
422.893	0
423.546	0
424.198	0
424.851	0
425.503	0
426.156	0
426.809	0
427.461	0
428.114	0
428.766	0
429.419	0
430.072	0
430.724	0
431.377	0
432.029	0
432.682	0
433.335	0
433.987	0
434.640	0
435.293	0
435.945	0
436.598	0
437.250	0
437.903	0
438.556	0
439.208	0
439.861	0
440.513	0
441.166	0
441.819	0
442.471	0
443.124	0
443.777	0
444.429	0
445.082	0
445.734	0
446.387	0
447.040	0
447.692	0
448.345	0
448.997	0
449.650	0
450.303	0
450.955	0
451.608	0
452.260	0
452.913	0
453.566	0
454.218	0
454.871	0
455.524	0
456.176	0
456.829	0
457.481	0
458.134	0
458.787	0
459.439	0
460.092	0
460.744	0
461.397	0
462.050	0
462.702	0
463.355	0
464.007	0
464.660	0
465.313	0
465.965	0
466.618	0
467.271	0
467.923	0
468.576	0
469.228	0
469.881	0
470.534	0
471.186	0
471.839	0
472.491	0
473.144	0
473.797	0
474.449	0
475.102	0
475.755	0
476.407	0
477.060	0
477.712	0
478.365	0
479.018	0
479.670	0
480.323	0
480.975	0
481.628	0
482.281	0
482.933	0
483.586	0
484.238	0
484.891	0
485.544	0
486.196	0
486.849	0
487.502	0
488.154	0
488.807	0
489.459	0
490.112	0
490.765	0
491.417	0
492.070	0
492.722	0
493.375	0
494.028	0
494.680	0
495.333	0
495.986	0
496.638	0
497.291	0
497.943	0
498.596	0
499.249	0
499.901	0
500.554	0
501.206	0
501.859	0
502.512	0
503.164	0
503.817	0
504.469	0
505.122	0
505.775	0
506.427	0
507.080	0
507.733	0
508.385	0
509.038	0
509.690	0
510.343	0
510.996	0
511.648	0
512.301	0
512.953	0
513.606	0
514.259	0
514.911	0
515.564	0
516.216	0
516.869	0
517.522	0
518.174	0
518.827	0
519.480	0
520.132	0
520.785	0
521.437	0
522.090	0
522.743	0
523.395	0
524.048	0
524.700	0
525.353	0
526.006	0
526.658	0
527.311	0
527.964	0
528.616	0
529.269	0
529.921	0
530.574	0
531.227	0
531.879	0
532.532	0
533.184	0
533.837	0
534.490	0
535.142	0
535.795	0
536.447	0
537.100	0
537.753	0
538.405	0
539.058	0
539.711	0
540.363	0
541.016	0
541.668	0
542.321	0
542.974	0
543.626	0
544.279	0
544.931	0
545.584	0
546.237	0
546.889	0
547.542	0
548.195	0
548.847	0
549.500	0
550.152	0
550.805	0
551.458	0
552.110	0
552.763	0
553.415	0
554.068	0
554.721	0
555.373	0
556.026	0
556.678	0
557.331	0
557.984	0
558.636	0
559.289	0
559.942	0
560.594	0
561.247	0
561.899	0
562.552	0
563.205	0
563.857	0
564.510	0
565.162	0
565.815	0
566.468	0
567.120	0
567.773	0
568.425	0
569.078	0
569.731	0
570.383	0
571.036	0
571.689	0
572.341	0
572.994	0
573.646	0
574.299	0
574.952	0
575.604	0
576.257	0
576.909	0
577.562	0
578.215	0
578.867	0
579.520	0
580.173	0
580.825	0
581.478	0
582.130	0
582.783	0
583.436	0
584.088	0
584.741	0
585.393	0
586.046	0
586.699	0
587.351	0
588.004	0
588.656	0
589.309	0
589.962	0
590.614	0
591.267	0
591.920	0
592.572	0
593.225	0
593.877	0
594.530	0
595.183	0
595.835	0
596.488	0
597.140	0
597.793	0
598.446	0
599.098	0
599.751	0
600.404	0
601.056	0
601.709	0
602.361	0
603.014	0
603.667	0
604.319	0
604.972	0
605.624	0
606.277	0
606.930	0
607.582	0
608.235	0
608.887	0
609.540	0
610.193	0
610.845	0
611.498	0
612.151	0
612.803	0
613.456	0
614.108	0
614.761	0
615.414	0
616.066	0
616.719	0
617.371	0
618.024	0
618.677	0
619.329	0
619.982	0
620.634	0
621.287	0
621.940	0
622.592	0
623.245	0
623.898	0
624.550	0
625.203	0
625.855	0
626.508	0
627.161	0
627.813	0
628.466	0
629.118	0
629.771	0
630.424	0
631.076	0
631.729	0
632.382	0
633.034	0
633.687	0
634.339	0
634.992	0
635.645	0
636.297	0
636.950	0
637.602	0
638.255	0
638.908	0
639.560	0
640.213	0
640.865	0
641.518	0
642.171	0
642.823	0
643.476	0
644.129	0
644.781	0
645.434	0
646.086	0
646.739	0
647.392	0
648.044	0
648.697	0
649.349	0
650.002	0
650.655	0
651.307	0
651.960	0
652.613	0
653.265	0
653.918	0
654.570	0
655.223	0
655.876	0
656.528	0
657.181	0
657.833	0
658.486	0
659.139	0
659.791	0
660.444	0
661.096	0
661.749	0
662.402	0
663.054	0
663.707	0
664.360	0
665.012	0
665.665	0
666.317	0
666.970	0
667.623	0
668.275	0
668.928	0
669.580	0
670.233	0
670.886	0
671.538	0
672.191	0
672.843	0
673.496	0
674.149	0
674.801	0
675.454	0
676.107	0
676.759	0
677.412	0
678.064	0
678.717	0
679.370	0
680.022	0
680.675	0
681.327	0
681.980	0
682.633	0
683.285	0
683.938	0
684.591	0
685.243	0
685.896	0
686.548	0
687.201	0
687.854	0
688.506	0
689.159	0
689.811	0
690.464	0
691.117	0
691.769	0
692.422	0
693.074	0
693.727	0
694.380	0
695.032	0
695.685	0
696.338	0
696.990	0
697.643	0
698.295	0
698.948	0
699.601	0
700.253	0
700.906	0
701.558	0
702.211	0
702.864	0
703.516	0
704.169	0
704.822	0
705.474	0
706.127	0
706.779	0
707.432	0
708.085	0
708.737	0
709.390	0
710.042	0
710.695	0
711.348	0
712.000	0
712.653	0
713.305	0
713.958	0
714.611	0
715.263	0
715.916	0
716.569	0
717.221	0
717.874	0
718.526	0
719.179	0
719.832	0
720.484	0
721.137	0
721.789	0
722.442	0
723.095	0
723.747	0
724.400	0
725.052	0
725.705	0
726.358	0
727.010	0
727.663	0
728.316	0
728.968	0
729.621	0
730.273	0
730.926	0
731.579	0
732.231	0
732.884	0
733.536	0
734.189	0
734.842	0
735.494	0
736.147	0
736.800	0
737.452	0
738.105	0
738.757	0
739.410	0
740.063	0
740.715	0
741.368	0
742.020	0
742.673	0
743.326	0
743.978	0
744.631	0
745.283	0
745.936	0
746.589	0
747.241	0
747.894	0
748.547	0
749.199	0
749.852	0
750.504	0
751.157	0
751.810	0
752.462	0
753.115	0
753.767	0
754.420	0
755.073	0
755.725	0
756.378	0
757.031	0
757.683	0
758.336	0
758.988	0
759.641	0
760.294	0
760.946	0
761.599	0
762.251	0
762.904	0
763.557	0
764.209	0
764.862	0
765.514	0
766.167	0
766.820	0
767.472	0
768.125	0
768.778	0
769.430	0
770.083	0
770.735	0
771.388	0
772.041	0
772.693	0
773.346	0
773.998	0
774.651	0
775.304	0
775.956	0
776.609	0
777.261	0
777.914	0
778.567	0
779.219	0
779.872	0
780.525	0
781.177	0
781.830	0
782.482	0
783.135	0
783.788	0
784.440	0
785.093	0
785.745	0
786.398	0
787.051	0
787.703	0
788.356	0
789.009	0
789.661	0
790.314	0
790.966	0
791.619	0
792.272	0
792.924	0
793.577	0
794.229	0
794.882	0
795.535	0
796.187	0
796.840	0
797.492	0
798.145	0
798.798	0
799.450	0
800.103	0
800.756	0
801.408	0
802.061	0
802.713	0
803.366	0
804.019	0
804.671	0
805.324	0
805.976	0
806.629	0
807.282	0
807.934	0
808.587	0
809.240	0
809.892	0
810.545	0
811.197	0
811.850	0
812.503	0
813.155	0
813.808	0
814.460	0
815.113	0
815.766	0
816.418	0
817.071	0
817.723	0
818.376	0
819.029	0
819.681	0
820.334	0
820.987	0
821.639	0
822.292	0
822.944	0
823.597	0
824.250	0
824.902	0
825.555	0
826.207	0
826.860	0
827.513	0
828.165	0
828.818	0
829.470	0
830.123	0
830.776	0
831.428	0
832.081	0
832.734	0
833.386	0
834.039	0
834.691	0
835.344	0
835.997	0
836.649	0
837.302	0
837.954	0
838.607	0
839.260	0
839.912	0
840.565	0
841.218	0
841.870	0
842.523	0
843.175	0
843.828	0
844.481	0
845.133	0
845.786	0
846.438	0
847.091	0
847.744	0
848.396	0
849.049	0
849.701	0
850.354	0
851.007	0
851.659	0
852.312	0
852.965	0
853.617	0
854.270	0
854.922	0
855.575	0
856.228	0
856.880	0
857.533	0
858.185	0
858.838	0
859.491	0
860.143	0
860.796	0
861.449	0
862.101	0
862.754	0
863.406	0
864.059	0
864.712	0
865.364	0
866.017	0
866.669	0
867.322	0
867.975	0
868.627	0
869.280	0
869.932	0
870.585	0
871.238	0
871.890	0
872.543	0
873.196	0
873.848	0
874.501	0
875.153	0
875.806	0
876.459	0
877.111	0
877.764	0
878.416	0
879.069	0
879.722	0
880.374	0
881.027	0
881.679	0
882.332	0
882.985	0
883.637	0
884.290	0
884.943	0
885.595	0
886.248	0
886.900	0
887.553	0
888.206	0
888.858	0
889.511	0
890.163	0
890.816	0
891.469	0
892.121	0
892.774	0
893.427	0
894.079	0
894.732	0
895.384	0
896.037	0
896.690	0
897.342	0
897.995	0
898.647	0
899.300	0
899.953	0
900.605	0
901.258	0
901.910	0
902.563	0
903.216	0
903.868	0
904.521	0
905.174	0
905.826	0
906.479	0
907.131	0
907.784	0
908.437	0
909.089	0
909.742	0
910.394	0
911.047	0
911.700	0
912.352	0
913.005	0
913.658	0
914.310	0
914.963	0
915.615	0
916.268	0
916.921	0
917.573	0
918.226	0
918.878	0
919.531	0
920.184	0
920.836	0
921.489	0
922.141	0
922.794	0
923.447	0
924.099	0
924.752	0
925.405	0
926.057	0
926.710	0
927.362	0
928.015	0
928.668	0
929.320	0
929.973	0
930.625	0
931.278	0
931.931	0
932.583	0
933.236	0
933.888	0
934.541	0
935.194	0
935.846	0
936.499	0
937.152	0
937.804	0
938.457	0
939.109	0
939.762	0
940.415	0
941.067	0
941.720	0
942.372	0
943.025	0
943.678	0
944.330	0
944.983	0
945.636	0
946.288	0
946.941	0
947.593	0
948.246	0
948.899	0
949.551	0
950.204	0
950.856	0
951.509	0
952.162	0
952.814	0
953.467	0
954.119	0
954.772	0
955.425	0
956.077	0
956.730	0
957.383	0
958.035	0
958.688	0
959.340	0
959.993	0
960.646	0
961.298	0
961.951	0
962.603	0
963.256	0
963.909	0
964.561	0
965.214	0
965.867	0
966.519	0
967.172	0
967.824	0
968.477	0
969.130	0
969.782	0
970.435	0
971.087	0
971.740	0
972.393	0
973.045	0
973.698	0
974.350	0
975.003	0
975.656	0
976.308	0
976.961	0
977.614	0
978.266	0
978.919	0
979.571	0
980.224	0
980.877	0
981.529	0
982.182	0
982.834	0
983.487	0
984.140	0
984.792	0
985.445	0
986.097	0
986.750	0
987.403	0
988.055	0
988.708	0
989.361	0
990.013	0
990.666	0
991.318	0
991.971	0
992.624	0
993.276	0
993.929	0
994.581	0
995.234	0
995.887	0
996.539	0
997.192	0
997.845	0
998.497	0
999.150	0
999.802	0
1000.455	0
1001.108	0
1001.760	0
1002.413	0
1003.065	0
1003.718	0
1004.371	0
1005.023	0
1005.676	0
1006.328	0
1006.981	0
1007.634	0
1008.286	0
1008.939	0
1009.592	0
1010.244	0
1010.897	0
1011.549	0
1012.202	0
1012.855	0
1013.507	0
1014.160	0
1014.812	0
1015.465	0
1016.118	0
1016.770	0
1017.423	0
1018.076	0
1018.728	0
1019.381	0
1020.033	0
1020.686	0
1021.339	0
1021.991	0
1022.644	0
1023.296	0
1023.949	0
1024.602	0
1025.254	0
1025.907	0
1026.559	0
1027.212	0
1027.865	0
1028.517	0
1029.170	0
1029.823	0
1030.475	0
1031.128	0
1031.780	0
1032.433	0
1033.086	0
1033.738	0
1034.391	0
1035.043	0
1035.696	0
1036.349	0
1037.001	0
1037.654	0
1038.306	0
1038.959	0
1039.612	0
1040.264	0
1040.917	0
1041.570	0
1042.222	0
1042.875	0
1043.527	0
1044.180	0
1044.833	0
1045.485	0
1046.138	0
1046.790	0
1047.443	0
1048.096	0
1048.748	0
1049.401	0
1050.054	0
1050.706	0
1051.359	0
1052.011	0
1052.664	0
1053.317	0
1053.969	0
1054.622	0
1055.274	0
1055.927	0
1056.580	0
1057.232	0
1057.885	0
1058.537	0
1059.190	0
1059.843	0
1060.495	0
1061.148	0
1061.801	0
1062.453	0
1063.106	0
1063.758	0
1064.411	0
1065.064	0
1065.716	0
1066.369	0
1067.021	0
1067.674	0
1068.327	0
1068.979	0
1069.632	0
1070.285	0
1070.937	0
1071.590	0
1072.242	0
1072.895	0
1073.548	0
1074.200	0
1074.853	0
1075.505	0
1076.158	0
1076.811	0
1077.463	0
1078.116	0
1078.768	0
1079.421	0
1080.074	0
1080.726	0
1081.379	0
1082.032	0
1082.684	0
1083.337	0
1083.989	0
1084.642	0
1085.295	0
1085.947	0
1086.600	0
1087.252	0
1087.905	0
1088.558	0
1089.210	0
1089.863	0
1090.515	0
1091.168	0
1091.821	0
1092.473	0
1093.126	0
1093.779	0
1094.431	0
1095.084	0
1095.736	0
1096.389	0
1097.042	0
1097.694	0
1098.347	0
1098.999	0
1099.652	0
1100.305	0
1100.957	0
1101.610	0
1102.263	0
1102.915	0
1103.568	0
1104.220	0
1104.873	0
1105.526	0
1106.178	0
1106.831	0
1107.483	0
1108.136	0
1108.789	0
1109.441	0
1110.094	0
1110.746	0
1111.399	0
1112.052	0
1112.704	0
1113.357	0
1114.010	0
1114.662	0
1115.315	0
1115.967	0
1116.620	0
1117.273	0
1117.925	0
1118.578	0
1119.230	0
1119.883	0
1120.536	0
1121.188	0
1121.841	0
1122.494	0
1123.146	0
1123.799	0
1124.451	0
1125.104	0
1125.757	0
1126.409	0
1127.062	0
1127.714	0
1128.367	0
1129.020	0
1129.672	0
1130.325	0
1130.977	0
1131.630	0
1132.283	0
1132.935	0
1133.588	0
1134.241	0
1134.893	0
1135.546	0
1136.198	0
1136.851	0
1137.504	0
1138.156	0
1138.809	0
1139.461	0
1140.114	0
1140.767	0
1141.419	0
1142.072	0
1142.725	0
1143.377	0
1144.030	0
1144.682	0
1145.335	0
1145.988	0
1146.640	0
1147.293	0
1147.945	0
1148.598	0
1149.251	0
1149.903	0
1150.556	0
1151.208	0
1151.861	0
1152.514	0
1153.166	0
1153.819	0
1154.472	0
1155.124	0
1155.777	0
1156.429	0
1157.082	0
1157.735	0
1158.387	0
1159.040	0
1159.692	0
1160.345	0
1160.998	0
1161.650	0
1162.303	0
1162.955	0
1163.608	0
1164.261	0
1164.913	0
1165.566	0
1166.219	0
1166.871	0
1167.524	0
1168.176	0
1168.829	0
1169.482	0
1170.134	0
1170.787	0
1171.439	0
1172.092	0
1172.745	0
1173.397	0
1174.050	0
1174.703	0
1175.355	0
1176.008	0
1176.660	0
1177.313	0
1177.966	0
1178.618	0
1179.271	0
1179.923	0
1180.576	0
1181.229	0
1181.881	0
1182.534	0
1183.186	0
1183.839	0
1184.492	0
1185.144	0
1185.797	0
1186.450	0
1187.102	0
1187.755	0
1188.407	0
1189.060	0
1189.713	0
1190.365	0
1191.018	0
1191.670	0
1192.323	0
1192.976	0
1193.628	0
1194.281	0
1194.934	0
1195.586	0
1196.239	0
1196.891	0
1197.544	0
1198.197	0
1198.849	0
1199.502	0
1200.154	0
1200.807	0
1201.460	0
1202.112	0
1202.765	0
1203.417	0
1204.070	0
1204.723	0
1205.375	0
1206.028	0
1206.681	0
1207.333	0
1207.986	0
1208.638	0
1209.291	0
1209.944	0
1210.596	0
1211.249	0
1211.901	0
1212.554	0
1213.207	0
1213.859	0
1214.512	0
1215.164	0
1215.817	0
1216.470	0
1217.122	0
1217.775	0
1218.428	0
1219.080	0
1219.733	0
1220.385	0
1221.038	0
1221.691	0
1222.343	0
1222.996	0
1223.648	0
1224.301	0
1224.954	0
1225.606	0
1226.259	0
1226.912	0
1227.564	0
1228.217	0
1228.869	0
1229.522	0
1230.175	0
1230.827	0
1231.480	0
1232.132	0
1232.785	0
1233.438	0
1234.090	0
1234.743	0
1235.395	0
1236.048	0
1236.701	0
1237.353	0
1238.006	0
1238.659	0
1239.311	0
1239.964	0
1240.616	0
1241.269	0
1241.922	0
1242.574	0
1243.227	0
1243.879	0
1244.532	0
1245.185	0
1245.837	0
1246.490	0
1247.143	0
1247.795	0
1248.448	0
1249.100	0
1249.753	0
1250.406	0
1251.058	0
1251.711	0
1252.363	0
1253.016	0
1253.669	0
1254.321	0
1254.974	0
1255.626	0
1256.279	0
1256.932	0
1257.584	0
1258.237	0
1258.890	0
1259.542	0
1260.195	0
1260.847	0
1261.500	0
1262.153	0
1262.805	0
1263.458	0
1264.110	0
1264.763	0
1265.416	0
1266.068	0
1266.721	0
1267.373	0
1268.026	0
1268.679	0
1269.331	0
1269.984	0
1270.637	0
1271.289	0
1271.942	0
1272.594	0
1273.247	0
1273.900	0
1274.552	0
1275.205	0
1275.857	0
1276.510	0
1277.163	0
1277.815	0
1278.468	0
1279.121	0
1279.773	0
1280.426	0
1281.078	0
1281.731	0
1282.384	0
1283.036	0
1283.689	0
1284.341	0
1284.994	0
1285.647	0
1286.299	0
1286.952	0
1287.604	0
1288.257	0
1288.910	0
1289.562	0
1290.215	0
1290.868	0
1291.520	0
1292.173	0
1292.825	0
1293.478	0
1294.131	0
1294.783	0
1295.436	0
1296.088	0
1296.741	0
1297.394	0
1298.046	0
1298.699	0
1299.352	0
1300.004	0
1300.657	0
1301.309	0
1301.962	0
1302.615	0
1303.267	0
1303.920	0
1304.572	0
1305.225	0
1305.878	0
1306.530	0
1307.183	0
1307.835	0
1308.488	0
1309.141	0
1309.793	0
1310.446	0
1311.099	0
1311.751	0
1312.404	0
1313.056	0
1313.709	0
1314.362	0
1315.014	0
1315.667	0
1316.319	0
1316.972	0
1317.625	0
1318.277	0
1318.930	0
1319.582	0
1320.235	0
1320.888	0
1321.540	0
1322.193	0
1322.846	0
1323.498	0
1324.151	0
1324.803	0
1325.456	0
1326.109	0
1326.761	0
1327.414	0
1328.066	0
1328.719	0
1329.372	0
1330.024	0
1330.677	0
1331.330	0
1331.982	0
1332.635	0
1333.287	0
1333.940	0
1334.593	0
1335.245	0
1335.898	0
1336.550	0
1337.203	0
1337.856	0
1338.508	0
1339.161	0
1339.813	0
1340.466	0
1341.119	0
1341.771	0
1342.424	0
1343.077	0
1343.729	0
1344.382	0
1345.034	0
1345.687	0
1346.340	0
1346.992	0
1347.645	0
1348.297	0
1348.950	0
1349.603	0
1350.255	0
1350.908	0
1351.561	0
1352.213	0
1352.866	0
1353.518	0
1354.171	0
1354.824	0
1355.476	0
1356.129	0
1356.781	0
1357.434	0
1358.087	0
1358.739	0
1359.392	0
1360.044	0
1360.697	0
1361.350	0
1362.002	0
1362.655	0
1363.308	0
1363.960	0
1364.613	0
1365.265	0
1365.918	0
1366.571	0
1367.223	0
1367.876	0
1368.528	0
1369.181	0
1369.834	0
1370.486	0
1371.139	0
1371.791	0
1372.444	0
1373.097	0
1373.749	0
1374.402	0
1375.055	0
1375.707	0
1376.360	0
1377.012	0
1377.665	0
1378.318	0
1378.970	0
1379.623	0
1380.275	0
1380.928	0
1381.581	0
1382.233	0
1382.886	0
1383.539	0
1384.191	0
1384.844	0
1385.496	0
1386.149	0
1386.802	0
1387.454	0
1388.107	0
1388.759	0
1389.412	0
1390.065	0
1390.717	0
1391.370	0
1392.022	0
1392.675	0
1393.328	0
1393.980	0
1394.633	0
1395.286	0
1395.938	0
1396.591	0
1397.243	0
1397.896	0
1398.549	0
1399.201	0
1399.854	0
1400.506	0
1401.159	0
1401.812	0
1402.464	0
1403.117	0
1403.770	0
1404.422	0
1405.075	0
1405.727	0
1406.380	0
1407.033	0
1407.685	0
1408.338	0
1408.990	0
1409.643	0
1410.296	0
1410.948	0
1411.601	0
1412.253	0
1412.906	0
1413.559	0
1414.211	0
1414.864	0
1415.517	0
1416.169	0
1416.822	0
1417.474	0
1418.127	0
1418.780	0
1419.432	0
1420.085	0
1420.737	0
1421.390	0
1422.043	0
1422.695	0
1423.348	0
1424.000	0
1424.653	0
1425.306	0
1425.958	0
1426.611	0
1427.264	0
1427.916	0
1428.569	0
1429.221	0
1429.874	0
1430.527	0
1431.179	0
1431.832	0
1432.484	0
1433.137	0
1433.790	0
1434.442	0
1435.095	0
1435.748	0
1436.400	0
1437.053	0
1437.705	0
1438.358	0
1439.011	0
1439.663	0
1440.316	0
1440.968	0
1441.621	0
1442.274	0
1442.926	0
1443.579	0
1444.231	0
1444.884	0
1445.537	0
1446.189	0
1446.842	0
1447.495	0
1448.147	0
1448.800	0
1449.452	0
1450.105	0
1450.758	0
1451.410	0
1452.063	0
1452.715	0
1453.368	0
1454.021	0
1454.673	0
1455.326	0
1455.979	0
1456.631	0
1457.284	0
1457.936	0
1458.589	0
1459.242	0
1459.894	0
1460.547	0
1461.199	0
1461.852	0
1462.505	0
1463.157	0
1463.810	0
1464.462	0
1465.115	0
1465.768	0
1466.420	0
1467.073	0
1467.726	0
1468.378	0
1469.031	0
1469.683	0
1470.336	0
1470.989	0
1471.641	0
1472.294	0
1472.946	0
1473.599	0
1474.252	0
1474.904	0
1475.557	0
1476.209	0
1476.862	0
1477.515	0
1478.167	0
1478.820	0
1479.473	0
1480.125	0
1480.778	0
1481.430	0
1482.083	0
1482.736	0
1483.388	0
1484.041	0
1484.693	0
1485.346	0
1485.999	0
1486.651	0
1487.304	0
1487.957	0
1488.609	0
1489.262	0
1489.914	0
1490.567	0
1491.220	0
1491.872	0
1492.525	0
1493.177	0
1493.830	0
1494.483	0
1495.135	0
1495.788	0
1496.440	0
1497.093	0
1497.746	0
1498.398	0
1499.051	0
1499.704	0
1500.356	0
1501.009	0
1501.661	0
1502.314	0
1502.967	0
1503.619	0
1504.272	0
1504.924	0
1505.577	0
1506.230	0
1506.882	0
1507.535	0
1508.188	0
1508.840	0
1509.493	0
1510.145	0
1510.798	0
1511.451	0
1512.103	0
1512.756	0
1513.408	0
1514.061	0
1514.714	0
1515.366	0
1516.019	0
1516.671	0
1517.324	0
1517.977	0
1518.629	0
1519.282	0
1519.935	0
1520.587	0
1521.240	0
1521.892	0
1522.545	0
1523.198	0
1523.850	0
1524.503	0
1525.155	0
1525.808	0
1526.461	0
1527.113	0
1527.766	0
1528.418	0
1529.071	0
1529.724	0
1530.376	0
1531.029	0
1531.682	0
1532.334	0
1532.987	0
1533.639	0
1534.292	0
1534.945	0
1535.597	0
1536.250	0
1536.902	0
1537.555	0
1538.208	0
1538.860	0
1539.513	0
1540.166	0
1540.818	0
1541.471	0
1542.123	0
1542.776	0
1543.429	0
1544.081	0
1544.734	0
1545.386	0
1546.039	0
1546.692	0
1547.344	0
1547.997	0
1548.649	0
1549.302	0
1549.955	0
1550.607	0
1551.260	0
1551.913	0
1552.565	0
1553.218	0
1553.870	0
1554.523	0
1555.176	0
1555.828	0
1556.481	0
1557.133	0
1557.786	0
1558.439	0
1559.091	0
1559.744	0
1560.397	0
1561.049	0
1561.702	0
1562.354	0
1563.007	0
1563.660	0
1564.312	0
1564.965	0
1565.617	0
1566.270	0
1566.923	0
1567.575	0
1568.228	0
1568.880	0
1569.533	0
1570.186	0
1570.838	0
1571.491	0
1572.144	0
1572.796	0
1573.449	0
1574.101	0
1574.754	0
1575.407	0
1576.059	0
1576.712	0
1577.364	0
1578.017	0
1578.670	0
1579.322	0
1579.975	0
1580.627	0
1581.280	0
1581.933	0
1582.585	0
1583.238	0
1583.891	0
1584.543	0
1585.196	0
1585.848	0
1586.501	0
1587.154	0
1587.806	0
1588.459	0
1589.111	0
1589.764	0
1590.417	0
1591.069	0
1591.722	0
1592.375	0
1593.027	0
1593.680	0
1594.332	0
1594.985	0
1595.638	0
1596.290	0
1596.943	0
1597.595	0
1598.248	0
1598.901	0
1599.553	0
1600.206	0
1600.858	0
1601.511	0
1602.164	0
1602.816	0
1603.469	0
1604.122	0
1604.774	0
1605.427	0
1606.079	0
1606.732	0
1607.385	0
1608.037	0
1608.690	0
1609.342	0
1609.995	0
1610.648	0
1611.300	0
1611.953	0
1612.606	0
1613.258	0
1613.911	0
1614.563	0
1615.216	0
1615.869	0
1616.521	0
1617.174	0
1617.826	0
1618.479	0
1619.132	0
1619.784	0
1620.437	0
1621.089	0
1621.742	0
1622.395	0
1623.047	0
1623.700	0
1624.353	0
1625.005	0
1625.658	0
1626.310	0
1626.963	0
1627.616	0
1628.268	0
1628.921	0
1629.573	0
1630.226	0
1630.879	0
1631.531	0
1632.184	0
1632.836	0
1633.489	0
1634.142	0
1634.794	0
1635.447	0
1636.100	0
1636.752	0
1637.405	0
1638.057	0
1638.710	0
1639.363	0
1640.015	0
1640.668	0
1641.320	0
1641.973	0
1642.626	0
1643.278	0
1643.931	0
1644.584	0
1645.236	0
1645.889	0
1646.541	0
1647.194	0
1647.847	0
1648.499	0
1649.152	0
1649.804	0
1650.457	0
1651.110	0
1651.762	0
1652.415	0
1653.067	0
1653.720	0
1654.373	0
1655.025	0
1655.678	0
1656.331	0
1656.983	0
1657.636	0
1658.288	0
1658.941	0
1659.594	0
1660.246	0
1660.899	0
1661.551	0
1662.204	0
1662.857	0
1663.509	0
1664.162	0
1664.815	0
1665.467	0
1666.120	0
1666.772	0
1667.425	0
1668.078	0
1668.730	0
1669.383	0
1670.035	0
1670.688	0
1671.341	0
1671.993	0
1672.646	0
1673.298	0
1673.951	0
1674.604	0
1675.256	0
1675.909	0
1676.562	0
1677.214	0
1677.867	0
1678.519	0
1679.172	0
1679.825	0
1680.477	0
1681.130	0
1681.782	0
1682.435	0
1683.088	0
1683.740	0
1684.393	0
1685.045	0
1685.698	0
1686.351	0
1687.003	0
1687.656	0
1688.309	0
1688.961	0
1689.614	0
1690.266	0
1690.919	0
1691.572	0
1692.224	0
1692.877	0
1693.529	0
1694.182	0
1694.835	0
1695.487	0
1696.140	0
1696.793	0
1697.445	0
1698.098	0
1698.750	0
1699.403	0
1700.056	0
1700.708	0
1701.361	0
1702.013	0
1702.666	0
1703.319	0
1703.971	0
1704.624	0
1705.276	0
1705.929	0
1706.582	0
1707.234	0
1707.887	0
1708.540	0
1709.192	0
1709.845	0
1710.497	0
1711.150	0
1711.803	0
1712.455	0
1713.108	0
1713.760	0
1714.413	0
1715.066	0
1715.718	0
1716.371	0
1717.024	0
1717.676	0
1718.329	0
1718.981	0
1719.634	0
1720.287	0
1720.939	0
1721.592	0
1722.244	0
1722.897	0
1723.550	0
1724.202	0
1724.855	0
1725.507	0
1726.160	0
1726.813	0
1727.465	0
1728.118	0
1728.771	0
1729.423	0
1730.076	0
1730.728	0
1731.381	0
1732.034	0
1732.686	0
1733.339	0
1733.991	0
1734.644	0
1735.297	0
1735.949	0
1736.602	0
1737.254	0
1737.907	0
1738.560	0
1739.212	0
1739.865	0
1740.518	0
1741.170	0
1741.823	0
1742.475	0
1743.128	0
1743.781	0
1744.433	0
1745.086	0
1745.738	0
1746.391	0
1747.044	0
1747.696	0
1748.349	0
1749.002	0
1749.654	0
1750.307	0
1750.959	0
1751.612	0
1752.265	0
1752.917	0
1753.570	0
1754.222	0
1754.875	0
1755.528	0
1756.180	0
1756.833	0
1757.485	0
1758.138	0
1758.791	0
1759.443	0
1760.096	0
1760.749	0
1761.401	0
1762.054	0
1762.706	0
1763.359	0
1764.012	0
1764.664	0
1765.317	0
1765.969	0
1766.622	0
1767.275	0
1767.927	0
1768.580	0
1769.233	0
1769.885	0
1770.538	0
1771.190	0
1771.843	0
1772.496	0
1773.148	0
1773.801	0
1774.453	0
1775.106	0
1775.759	0
1776.411	0
1777.064	0
1777.716	0
1778.369	0
1779.022	0
1779.674	0
1780.327	0
1780.980	0
1781.632	0
1782.285	0
1782.937	0
1783.590	0
1784.243	0
1784.895	0
1785.548	0
1786.200	0
1786.853	0
1787.506	0
1788.158	0
1788.811	0
1789.463	0
1790.116	0
1790.769	0
1791.421	0
1792.074	0
1792.727	0
1793.379	0
1794.032	0
1794.684	0
1795.337	0
1795.990	0
1796.642	0
1797.295	0
1797.947	0
1798.600	0
1799.253	0
1799.905	0
1800.558	0
1801.211	0
1801.863	0
1802.516	0
1803.168	0
1803.821	0
1804.474	0
1805.126	0
1805.779	0
1806.431	0
1807.084	0
1807.737	0
1808.389	0
1809.042	0
1809.694	0
1810.347	0
1811.000	0
1811.652	0
1812.305	0
1812.958	0
1813.610	0
1814.263	0
1814.915	0
1815.568	0
1816.221	0
1816.873	0
1817.526	0
1818.178	0
1818.831	0
1819.484	0
1820.136	0
1820.789	0
1821.442	0
1822.094	0
1822.747	0
1823.399	0
1824.052	0
1824.705	0
1825.357	0
1826.010	0
1826.662	0
1827.315	0
1827.968	0
1828.620	0
1829.273	0
1829.925	0
1830.578	0
1831.231	0
1831.883	0
1832.536	0
1833.189	0
1833.841	0
1834.494	0
1835.146	0
1835.799	0
1836.452	0
1837.104	0
1837.757	0
1838.409	0
1839.062	0
1839.715	0
1840.367	0
1841.020	0
1841.672	0
1842.325	0
1842.978	0
1843.630	0
1844.283	0
1844.936	0
1845.588	0
1846.241	0
1846.893	0
1847.546	0
1848.199	0
1848.851	0
1849.504	0
1850.156	0
1850.809	0
1851.462	0
1852.114	0
1852.767	0
1853.420	0
1854.072	0
1854.725	0
1855.377	0
1856.030	0
1856.683	0
1857.335	0
1857.988	0
1858.640	0
1859.293	0
1859.946	0
1860.598	0
1861.251	0
1861.903	0
1862.556	0
1863.209	0
1863.861	0
1864.514	0
1865.167	0
1865.819	0
1866.472	0
1867.124	0
1867.777	0
1868.430	0
1869.082	0
1869.735	0
1870.387	0
1871.040	0
1871.693	0
1872.345	0
1872.998	0
1873.651	0
1874.303	0
1874.956	0
1875.608	0
1876.261	0
1876.914	0
1877.566	0
1878.219	0
1878.871	0
1879.524	0
1880.177	0
1880.829	0
1881.482	0
1882.134	0
1882.787	0
1883.440	0
1884.092	0
1884.745	0
1885.398	0
1886.050	0
1886.703	0
1887.355	0
1888.008	0
1888.661	0
1889.313	0
1889.966	0
1890.618	0
1891.271	0
1891.924	0
1892.576	0
1893.229	0
1893.881	0
1894.534	0
1895.187	0
1895.839	0
1896.492	0
1897.145	0
1897.797	0
1898.450	0
1899.102	0
1899.755	0
1900.408	0
1901.060	0
1901.713	0
1902.365	0
1903.018	0
1903.671	0
1904.323	0
1904.976	0
1905.629	0
1906.281	0
1906.934	0
1907.586	0
1908.239	0
1908.892	0
1909.544	0
1910.197	0
1910.849	0
1911.502	0
1912.155	0
1912.807	0
1913.460	0
1914.112	0
1914.765	0
1915.418	0
1916.070	0
1916.723	0
1917.376	0
1918.028	0
1918.681	0
1919.333	0
1919.986	0
1920.639	0
1921.291	0
1921.944	0
1922.596	0
1923.249	0
1923.902	0
1924.554	0
1925.207	0
1925.860	0
1926.512	0
1927.165	0
1927.817	0
1928.470	0
1929.123	0
1929.775	0
1930.428	0
1931.080	0
1931.733	0
1932.386	0
1933.038	0
1933.691	0
1934.343	0
1934.996	0
1935.649	0
1936.301	0
1936.954	0
1937.607	0
1938.259	0
1938.912	0
1939.564	0
1940.217	0
1940.870	0
1941.522	0
1942.175	0
1942.827	0
1943.480	0
1944.133	0
1944.785	0
1945.438	0
1946.090	0
1946.743	0
1947.396	0
1948.048	0
1948.701	0
1949.354	0
1950.006	0
1950.659	0
1951.311	0
1951.964	0
1952.617	0
1953.269	0
1953.922	0
1954.574	0
1955.227	0
1955.880	0
1956.532	0
1957.185	0
1957.838	0
1958.490	0
1959.143	0
1959.795	0
1960.448	0
1961.101	0
1961.753	0
1962.406	0
1963.058	0
1963.711	0
1964.364	0
1965.016	0
1965.669	0
1966.321	0
1966.974	0
1967.627	0
1968.279	0
1968.932	0
1969.585	0
1970.237	0
1970.890	0
1971.542	0
1972.195	0
1972.848	0
1973.500	0
1974.153	0
1974.805	0
1975.458	0
1976.111	0
1976.763	0
1977.416	0
1978.069	0
1978.721	0
1979.374	0
1980.026	0
1980.679	0
1981.332	0
1981.984	0
1982.637	0
1983.289	0
1983.942	0
1984.595	0
1985.247	0
1985.900	0
1986.552	0
1987.205	0
1987.858	0
1988.510	0
1989.163	0
1989.816	0
1990.468	0
1991.121	0
1991.773	0
1992.426	0
1993.079	0
1993.731	0
1994.384	0
1995.036	0
1995.689	0
1996.342	0
1996.994	0
1997.647	0
1998.299	0
1998.952	0
1999.605	0
2000.257	0
2000.910	0
2001.563	0
2002.215	0
2002.868	0
2003.520	0
2004.173	0
2004.826	0
2005.478	0
2006.131	0
2006.783	0
2007.436	0
2008.089	0
2008.741	0
2009.394	0
2010.047	0
2010.699	0
2011.352	0
2012.004	0
2012.657	0
2013.310	0
2013.962	0
2014.615	0
2015.267	0
2015.920	0
2016.573	0
2017.225	0
2017.878	0
2018.530	0
2019.183	0
2019.836	0
2020.488	0
2021.141	0
2021.794	0
2022.446	0
2023.099	0
2023.751	0
2024.404	0
2025.057	0
2025.709	0
2026.362	0
2027.014	0
2027.667	0
2028.320	0
2028.972	0
2029.625	0
2030.278	0
2030.930	0
2031.583	0
2032.235	0
2032.888	0
2033.541	0
2034.193	0
2034.846	0
2035.498	0
2036.151	0
2036.804	0
2037.456	0
2038.109	0
2038.761	0
2039.414	0
2040.067	0
2040.719	0
2041.372	0
2042.025	0
2042.677	0
2043.330	0
2043.982	0
2044.635	0
2045.288	0
2045.940	0
2046.593	0
2047.245	0
2047.898	0
2048.551	0
2049.203	0
2049.856	0
2050.508	0
2051.161	0
2051.814	0
2052.466	0
2053.119	0
2053.772	0
2054.424	0
2055.077	0
2055.729	0
2056.382	0
2057.035	0
2057.687	0
2058.340	0
2058.992	0
2059.645	0
2060.298	0
2060.950	0
2061.603	0
2062.256	0
2062.908	0
2063.561	0
2064.213	0
2064.866	0
2065.519	0
2066.171	0
2066.824	0
2067.476	0
2068.129	0
2068.782	0
2069.434	0
2070.087	0
2070.739	0
2071.392	0
2072.045	0
2072.697	0
2073.350	0
2074.003	0
2074.655	0
2075.308	0
2075.960	0
2076.613	0
2077.266	0
2077.918	0
2078.571	0
2079.223	0
2079.876	0
2080.529	0
2081.181	0
2081.834	0
2082.487	0
2083.139	0
2083.792	0
2084.444	0
2085.097	0
2085.750	0
2086.402	0
2087.055	0
2087.707	0
2088.360	0
2089.013	0
2089.665	0
2090.318	0
2090.970	0
2091.623	0
2092.276	0
2092.928	0
2093.581	0
2094.234	0
2094.886	0
2095.539	0
2096.191	0
2096.844	0
2097.497	0
2098.149	0
2098.802	0
2099.454	0
2100.107	0
2100.760	0
2101.412	0
2102.065	0
2102.717	0
2103.370	0
2104.023	0
2104.675	0
2105.328	0
2105.981	0
2106.633	0
2107.286	0
2107.938	0
2108.591	0
2109.244	0
2109.896	0
2110.549	0
2111.201	0
2111.854	0
2112.507	0
2113.159	0
2113.812	0
2114.465	0
2115.117	0
2115.770	0
2116.422	0
2117.075	0
2117.728	0
2118.380	0
2119.033	0
2119.685	0
2120.338	0
2120.991	0
2121.643	0
2122.296	0
2122.948	0
2123.601	0
2124.254	0
2124.906	0
2125.559	0
2126.212	0
2126.864	0
2127.517	0
2128.169	0
2128.822	0
2129.475	0
2130.127	0
2130.780	0
2131.432	0
2132.085	0
2132.738	0
2133.390	0
2134.043	0
2134.696	0
2135.348	0
2136.001	0
2136.653	0
2137.306	0
2137.959	0
2138.611	0
2139.264	0
2139.916	0
2140.569	0
2141.222	0
2141.874	0
2142.527	0
2143.179	0
2143.832	0
2144.485	0
2145.137	0
2145.790	0
2146.443	0
2147.095	0
2147.748	0
2148.400	0
2149.053	0
2149.706	0
2150.358	0
2151.011	0
2151.663	0
2152.316	0
2152.969	0
2153.621	0
2154.274	0
2154.926	0
2155.579	0
2156.232	0
2156.884	0
2157.537	0
2158.190	0
2158.842	0
2159.495	0
2160.147	0
2160.800	0
2161.453	0
2162.105	0
2162.758	0
2163.410	0
2164.063	0
2164.716	0
2165.368	0
2166.021	0
2166.674	0
2167.326	0
2167.979	0
2168.631	0
2169.284	0
2169.937	0
2170.589	0
2171.242	0
2171.894	0
2172.547	0
2173.200	0
2173.852	0
2174.505	0
2175.157	0
2175.810	0
2176.463	0
2177.115	0
2177.768	0
2178.421	0
2179.073	0
2179.726	0
2180.378	0
2181.031	0
2181.684	0
2182.336	0
2182.989	0
2183.641	0
2184.294	0
2184.947	0
2185.599	0
2186.252	0
2186.905	0
2187.557	0
2188.210	0
2188.862	0
2189.515	0
2190.168	0
2190.820	0
2191.473	0
2192.125	0
2192.778	0
2193.431	0
2194.083	0
2194.736	0
2195.388	0
2196.041	0
2196.694	0
2197.346	0
2197.999	0
2198.652	0
2199.304	0
2199.957	0
2200.609	0
2201.262	0
2201.915	0
2202.567	0
2203.220	0
2203.872	0
2204.525	0
2205.178	0
2205.830	0
2206.483	0
2207.135	0
2207.788	0
2208.441	0
2209.093	0
2209.746	0
2210.399	0
2211.051	0
2211.704	0
2212.356	0
2213.009	0
2213.662	0
2214.314	0
2214.967	0
2215.619	0
2216.272	0
2216.925	0
2217.577	0
2218.230	0
2218.883	0
2219.535	0
2220.188	0
2220.840	0
2221.493	0
2222.146	0
2222.798	0
2223.451	0
2224.103	0
2224.756	0
2225.409	0
2226.061	0
2226.714	0
2227.366	0
2228.019	0
2228.672	0
2229.324	0
2229.977	0
2230.630	0
2231.282	0
2231.935	0
2232.587	0
2233.240	0
2233.893	0
2234.545	0
2235.198	0
2235.850	0
2236.503	0
2237.156	0
2237.808	0
2238.461	0
2239.114	0
2239.766	0
2240.419	0
2241.071	0
2241.724	0
2242.377	0
2243.029	0
2243.682	0
2244.334	0
2244.987	0
2245.640	0
2246.292	0
2246.945	0
2247.597	0
2248.250	0
2248.903	0
2249.555	0
2250.208	0
2250.861	0
2251.513	0
2252.166	0
2252.818	0
2253.471	0
2254.124	0
2254.776	0
2255.429	0
2256.081	0
2256.734	0
2257.387	0
2258.039	0
2258.692	0
2259.345	0
2259.997	0
2260.650	0
2261.302	0
2261.955	0
2262.608	0
2263.260	0
2263.913	0
2264.565	0
2265.218	0
2265.871	0
2266.523	0
2267.176	0
2267.828	0
2268.481	0
2269.134	0
2269.786	0
2270.439	0
2271.092	0
2271.744	0
2272.397	0
2273.049	0
2273.702	0
2274.355	0
2275.007	0
2275.660	0
2276.312	0
2276.965	0
2277.618	0
2278.270	0
2278.923	0
2279.575	0
2280.228	0
2280.881	0
2281.533	0
2282.186	0
2282.839	0
2283.491	0
2284.144	0
2284.796	0
2285.449	0
2286.102	0
2286.754	0
2287.407	0
2288.059	0
2288.712	0
2289.365	0
2290.017	0
2290.670	0
2291.323	0
2291.975	0
2292.628	0
2293.280	0
2293.933	0
2294.586	0
2295.238	0
2295.891	0
2296.543	0
2297.196	0
2297.849	0
2298.501	0
2299.154	0
2299.806	0
2300.459	0
2301.112	0
2301.764	0
2302.417	0
2303.070	0
2303.722	0
2304.375	0
2305.027	0
2305.680	0
2306.333	0
2306.985	0
2307.638	0
2308.290	0
2308.943	0
2309.596	0
2310.248	0
2310.901	0
2311.554	0
2312.206	0
2312.859	0
2313.511	0
2314.164	0
2314.817	0
2315.469	0
2316.122	0
2316.774	0
2317.427	0
2318.080	0
2318.732	0
2319.385	0
2320.037	0
2320.690	0
2321.343	0
2321.995	0
2322.648	0
2323.301	0
2323.953	0
2324.606	0
2325.258	0
2325.911	0
2326.564	0
2327.216	0
2327.869	0
2328.521	0
2329.174	0
2329.827	0
2330.479	0
2331.132	0
2331.784	0
2332.437	0
2333.090	0
2333.742	0
2334.395	0
2335.048	0
2335.700	0
2336.353	0
2337.005	0
2337.658	0
2338.311	0
2338.963	0
2339.616	0
2340.268	0
2340.921	0
2341.574	0
2342.226	0
2342.879	0
2343.532	0
2344.184	0
2344.837	0
2345.489	0
2346.142	0
2346.795	0
2347.447	0
2348.100	0
2348.752	0
2349.405	0
2350.058	0
2350.710	0
2351.363	0
2352.015	0
2352.668	0
2353.321	0
2353.973	0
2354.626	0
2355.279	0
2355.931	0
2356.584	0
2357.236	0
2357.889	0
2358.542	0
2359.194	0
2359.847	0
2360.499	0
2361.152	0
2361.805	0
2362.457	0
2363.110	0
2363.763	0
2364.415	0
2365.068	0
2365.720	0
2366.373	0
2367.026	0
2367.678	0
2368.331	0
2368.983	0
2369.636	0
2370.289	0
2370.941	0
2371.594	0
2372.246	0
2372.899	0
2373.552	0
2374.204	0
2374.857	0
2375.510	0
2376.162	0
2376.815	0
2377.467	0
2378.120	0
2378.773	0
2379.425	0
2380.078	0
2380.730	0
2381.383	0
2382.036	0
2382.688	0
2383.341	0
2383.993	0
2384.646	0
2385.299	0
2385.951	0
2386.604	0
2387.257	0
2387.909	0
2388.562	0
2389.214	0
2389.867	0
2390.520	0
2391.172	0
2391.825	0
2392.477	0
2393.130	0
2393.783	0
2394.435	0
2395.088	0
2395.741	0
2396.393	0
2397.046	0
2397.698	0
2398.351	0
2399.004	0
2399.656	0
2400.309	0
2400.961	0
2401.614	0
2402.267	0
2402.919	0
2403.572	0
2404.224	0
2404.877	0
2405.530	0
2406.182	0
2406.835	0
2407.488	0
2408.140	0
2408.793	0
2409.445	0
2410.098	0
2410.751	0
2411.403	0
2412.056	0
2412.708	0
2413.361	0
2414.014	0
2414.666	0
2415.319	0
2415.972	0
2416.624	0
2417.277	0
2417.929	0
2418.582	0
2419.235	0
2419.887	0
2420.540	0
2421.192	0
2421.845	0
2422.498	0
2423.150	0
2423.803	0
2424.455	0
2425.108	0
2425.761	0
2426.413	0
2427.066	0
2427.719	0
2428.371	0
2429.024	0
2429.676	0
2430.329	0
2430.982	0
2431.634	0
2432.287	0
2432.939	0
2433.592	0
2434.245	0
2434.897	0
2435.550	0
2436.202	0
2436.855	0
2437.508	0
2438.160	0
2438.813	0
2439.466	0
2440.118	0
2440.771	0
2441.423	0
2442.076	0
2442.729	0
2443.381	0
2444.034	0
2444.686	0
2445.339	0
2445.992	0
2446.644	0
2447.297	0
2447.950	0
2448.602	0
2449.255	0
2449.907	0
2450.560	0
2451.213	0
2451.865	0
2452.518	0
2453.170	0
2453.823	0
2454.476	0
2455.128	0
2455.781	0
2456.433	0
2457.086	0
2457.739	0
2458.391	0
2459.044	0
2459.697	0
2460.349	0
2461.002	0
2461.654	0
2462.307	0
2462.960	0
2463.612	0
2464.265	0
2464.917	0
2465.570	0
2466.223	0
2466.875	0
2467.528	0
2468.181	0
2468.833	0
2469.486	0
2470.138	0
2470.791	0
2471.444	0
2472.096	0
2472.749	0
2473.401	0
2474.054	0
2474.707	0
2475.359	0
2476.012	0
2476.664	0
2477.317	0
2477.970	0
2478.622	0
2479.275	0
2479.928	0
2480.580	0
2481.233	0
2481.885	0
2482.538	0
2483.191	0
2483.843	0
2484.496	0
2485.148	0
2485.801	0
2486.454	0
2487.106	0
2487.759	0
2488.411	0
2489.064	0
2489.717	0
2490.369	0
2491.022	0
2491.675	0
2492.327	0
2492.980	0
2493.632	0
2494.285	0
2494.938	0
2495.590	0
2496.243	0
2496.895	0
2497.548	0
2498.201	0
2498.853	0
2499.506	0
2500.159	0
2500.811	0
2501.464	0
2502.116	0
2502.769	0
2503.422	0
2504.074	0
2504.727	0
2505.379	0
2506.032	0
2506.685	0
2507.337	0
2507.990	0
2508.642	0
2509.295	0
2509.948	0
2510.600	0
2511.253	0
2511.906	0
2512.558	0
2513.211	0
2513.863	0
2514.516	0
2515.169	0
2515.821	0
2516.474	0
2517.126	0
2517.779	0
2518.432	0
2519.084	0
2519.737	0
2520.390	0
2521.042	0
2521.695	0
2522.347	0
2523.000	0
2523.653	0
2524.305	0
2524.958	0
2525.610	0
2526.263	0
2526.916	0
2527.568	0
2528.221	0
2528.873	0
2529.526	0
2530.179	0
2530.831	0
2531.484	0
2532.137	0
2532.789	0
2533.442	0
2534.094	0
2534.747	0
2535.400	0
2536.052	0
2536.705	0
2537.357	0
2538.010	0
2538.663	0
2539.315	0
2539.968	0
2540.620	0
2541.273	0
2541.926	0
2542.578	0
2543.231	0
2543.884	0
2544.536	0
2545.189	0
2545.841	0
2546.494	0
2547.147	0
2547.799	0
2548.452	0
2549.104	0
2549.757	0
2550.410	0
2551.062	0
2551.715	0
2552.368	0
2553.020	0
2553.673	0
2554.325	0
2554.978	0
2555.631	0
2556.283	0
2556.936	0
2557.588	0
2558.241	0
2558.894	0
2559.546	0
2560.199	0
2560.851	0
2561.504	0
2562.157	0
2562.809	0
2563.462	0
2564.115	0
2564.767	0
2565.420	0
2566.072	0
2566.725	0
2567.378	0
2568.030	0
2568.683	0
2569.335	0
2569.988	0
2570.641	0
2571.293	0
2571.946	0
2572.599	0
2573.251	0
2573.904	0
2574.556	0
2575.209	0
2575.862	0
2576.514	0
2577.167	0
2577.819	0
2578.472	0
2579.125	0
2579.777	0
2580.430	0
2581.082	0
2581.735	0
2582.388	0
2583.040	0
2583.693	0
2584.346	0
2584.998	0
2585.651	0
2586.303	0
2586.956	0
2587.609	0
2588.261	0
2588.914	0
2589.566	0
2590.219	0
2590.872	0
2591.524	0
2592.177	0
2592.829	0
2593.482	0
2594.135	0
2594.787	0
2595.440	0
2596.093	0
2596.745	0
2597.398	0
2598.050	0
2598.703	0
2599.356	0
2600.008	0
2600.661	0
2601.313	0
2601.966	0
2602.619	0
2603.271	0
2603.924	0
2604.577	0
2605.229	0
2605.882	0
2606.534	0
2607.187	0
2607.840	0
2608.492	0
2609.145	0
2609.797	0
2610.450	0
2611.103	0
2611.755	0
2612.408	0
2613.060	0
2613.713	0
2614.366	0
2615.018	0
2615.671	0
2616.324	0
2616.976	0
2617.629	0
2618.281	0
2618.934	0
2619.587	0
2620.239	0
2620.892	0
2621.544	0
2622.197	0
2622.850	0
2623.502	0
2624.155	0
2624.808	0
2625.460	0
2626.113	0
2626.765	0
2627.418	0
2628.071	0
2628.723	0
2629.376	0
2630.028	0
2630.681	0
2631.334	0
2631.986	0
2632.639	0
2633.291	0
2633.944	0
2634.597	0
2635.249	0
2635.902	0
2636.555	0
2637.207	0
2637.860	0
2638.512	0
2639.165	0
2639.818	0
2640.470	0
2641.123	0
2641.775	0
2642.428	0
2643.081	0
2643.733	0
2644.386	0
2645.038	0
2645.691	0
2646.344	0
2646.996	0
2647.649	0
2648.302	0
2648.954	0
2649.607	0
2650.259	0
2650.912	0
2651.565	0
2652.217	0
2652.870	0
2653.522	0
2654.175	0
2654.828	0
2655.480	0
2656.133	0
2656.786	0
2657.438	0
2658.091	0
2658.743	0
2659.396	0
2660.049	0
2660.701	0
2661.354	0
2662.006	0
2662.659	0
2663.312	0
2663.964	0
2664.617	0
2665.269	0
2665.922	0
2666.575	0
2667.227	0
2667.880	0
2668.533	0
2669.185	0
2669.838	0
2670.490	0
2671.143	0
2671.796	0
2672.448	0
2673.101	0
2673.753	0
2674.406	0
2675.059	0
2675.711	0
2676.364	0
2677.017	0
2677.669	0
2678.322	0
2678.974	0
2679.627	0
2680.280	0
2680.932	0
2681.585	0
2682.237	0
2682.890	0
2683.543	0
2684.195	0
2684.848	0
2685.500	0
2686.153	0
2686.806	0
2687.458	0
2688.111	0
2688.764	0
2689.416	0
2690.069	0
2690.721	0
2691.374	0
2692.027	0
2692.679	0
2693.332	0
2693.984	0
2694.637	0
2695.290	0
2695.942	0
2696.595	0
2697.247	0
2697.900	0
2698.553	0
2699.205	0
2699.858	0
2700.511	0
2701.163	0
2701.816	0
2702.468	0
2703.121	0
2703.774	0
2704.426	0
2705.079	0
2705.731	0
2706.384	0
2707.037	0
2707.689	0
2708.342	0
2708.995	0
2709.647	0
2710.300	0
2710.952	0
2711.605	0
2712.258	0
2712.910	0
2713.563	0
2714.215	0
2714.868	0
2715.521	0
2716.173	0
2716.826	0
2717.478	0
2718.131	0
2718.784	0
2719.436	0
2720.089	0
2720.742	0
2721.394	0
2722.047	0
2722.699	0
2723.352	0
2724.005	0
2724.657	0
2725.310	0
2725.962	0
2726.615	0
2727.268	0
2727.920	0
2728.573	0
2729.226	0
2729.878	0
2730.531	0
2731.183	0
2731.836	0
2732.489	0
2733.141	0
2733.794	0
2734.446	0
2735.099	0
2735.752	0
2736.404	0
2737.057	0
2737.709	0
2738.362	0
2739.015	0
2739.667	0
2740.320	0
2740.973	0
2741.625	0
2742.278	0
2742.930	0
2743.583	0
2744.236	0
2744.888	0
2745.541	0
2746.193	0
2746.846	0
2747.499	0
2748.151	0
2748.804	0
2749.456	0
2750.109	0
2750.762	0
2751.414	0
2752.067	0
2752.720	0
2753.372	0
2754.025	0
2754.677	0
2755.330	0
2755.983	0
2756.635	0
2757.288	0
2757.940	0
2758.593	0
2759.246	0
2759.898	0
2760.551	0
2761.204	0
2761.856	0
2762.509	0
2763.161	0
2763.814	0
2764.467	0
2765.119	0
2765.772	0
2766.424	0
2767.077	0
2767.730	0
2768.382	0
2769.035	0
2769.687	0
2770.340	0
2770.993	0
2771.645	0
2772.298	0
2772.951	0
2773.603	0
2774.256	0
2774.908	0
2775.561	0
2776.214	0
2776.866	0
2777.519	0
2778.171	0
2778.824	0
2779.477	0
2780.129	0
2780.782	0
2781.435	0
2782.087	0
2782.740	0
2783.392	0
2784.045	0
2784.698	0
2785.350	0
2786.003	0
2786.655	0
2787.308	0
2787.961	0
2788.613	0
2789.266	0
2789.918	0
2790.571	0
2791.224	0
2791.876	0
2792.529	0
2793.182	0
2793.834	0
2794.487	0
2795.139	0
2795.792	0
2796.445	0
2797.097	0
2797.750	0
2798.402	0
2799.055	0
2799.708	0
2800.360	0
2801.013	0
2801.665	0
2802.318	0
2802.971	0
2803.623	0
2804.276	0
2804.929	0
2805.581	0
2806.234	0
2806.886	0
2807.539	0
2808.192	0
2808.844	0
2809.497	0
2810.149	0
2810.802	0
2811.455	0
2812.107	0
2812.760	0
2813.413	0
2814.065	0
2814.718	0
2815.370	0
2816.023	0
2816.676	0
2817.328	0
2817.981	0
2818.633	0
2819.286	0
2819.939	0
2820.591	0
2821.244	0
2821.896	0
2822.549	0
2823.202	0
2823.854	0
2824.507	0
2825.160	0
2825.812	0
2826.465	0
2827.117	0
2827.770	0
2828.423	0
2829.075	0
2829.728	0
2830.380	0
2831.033	0
2831.686	0
2832.338	0
2832.991	0
2833.644	0
2834.296	0
2834.949	0
2835.601	0
2836.254	0
2836.907	0
2837.559	0
2838.212	0
2838.864	0
2839.517	0
2840.170	0
2840.822	0
2841.475	0
2842.127	0
2842.780	0
2843.433	0
2844.085	0
2844.738	0
2845.391	0
2846.043	0
2846.696	0
2847.348	0
2848.001	0
2848.654	0
2849.306	0
2849.959	0
2850.611	0
2851.264	0
2851.917	0
2852.569	0
2853.222	0
2853.874	0
2854.527	0
2855.180	0
2855.832	0
2856.485	0
2857.138	0
2857.790	0
2858.443	0
2859.095	0
2859.748	0
2860.401	0
2861.053	0
2861.706	0
2862.358	0
2863.011	0
2863.664	0
2864.316	0
2864.969	0
2865.622	0
2866.274	0
2866.927	0
2867.579	0
2868.232	0
2868.885	0
2869.537	0
2870.190	0
2870.842	0
2871.495	0
2872.148	0
2872.800	0
2873.453	0
2874.105	0
2874.758	0
2875.411	0
2876.063	0
2876.716	0
2877.369	0
2878.021	0
2878.674	0
2879.326	0
2879.979	0
2880.632	0
2881.284	0
2881.937	0
2882.589	0
2883.242	0
2883.895	0
2884.547	0
2885.200	0
2885.853	0
2886.505	0
2887.158	0
2887.810	0
2888.463	0
2889.116	0
2889.768	0
2890.421	0
2891.073	0
2891.726	0
2892.379	0
2893.031	0
2893.684	0
2894.336	0
2894.989	0
2895.642	0
2896.294	0
2896.947	0
2897.600	0
2898.252	0
2898.905	0
2899.557	0
2900.210	0
2900.863	0
2901.515	0
2902.168	0
2902.820	0
2903.473	0
2904.126	0
2904.778	0
2905.431	0
2906.083	0
2906.736	0
2907.389	0
2908.041	0
2908.694	0
2909.347	0
2909.999	0
2910.652	0
2911.304	0
2911.957	0
2912.610	0
2913.262	0
2913.915	0
2914.567	0
2915.220	0
2915.873	0
2916.525	0
2917.178	0
2917.831	0
2918.483	0
2919.136	0
2919.788	0
2920.441	0
2921.094	0
2921.746	0
2922.399	0
2923.051	0
2923.704	0
2924.357	0
2925.009	0
2925.662	0
2926.314	0
2926.967	0
2927.620	0
2928.272	0
2928.925	0
2929.578	0
2930.230	0
2930.883	0
2931.535	0
2932.188	0
2932.841	0
2933.493	0
2934.146	0
2934.798	0
2935.451	0
2936.104	0
2936.756	0
2937.409	0
2938.062	0
2938.714	0
2939.367	0
2940.019	0
2940.672	0
2941.325	0
2941.977	0
2942.630	0
2943.282	0
2943.935	0
2944.588	0
2945.240	0
2945.893	0
2946.545	0
2947.198	0
2947.851	0
2948.503	0
2949.156	0
2949.809	0
2950.461	0
2951.114	0
2951.766	0
2952.419	0
2953.072	0
2953.724	0
2954.377	0
2955.029	0
2955.682	0
2956.335	0
2956.987	0
2957.640	0
2958.292	0
2958.945	0
2959.598	0
2960.250	0
2960.903	0
2961.556	0
2962.208	0
2962.861	0
2963.513	0
2964.166	0
2964.819	0
2965.471	0
2966.124	0
2966.776	0
2967.429	0
2968.082	0
2968.734	0
2969.387	0
2970.040	0
2970.692	0
2971.345	0
2971.997	0
2972.650	0
2973.303	0
2973.955	0
2974.608	0
2975.260	0
2975.913	0
2976.566	0
2977.218	0
2977.871	0
2978.523	0
2979.176	0
2979.829	0
2980.481	0
2981.134	0
2981.787	0
2982.439	0
2983.092	0
2983.744	0
2984.397	0
2985.050	0
2985.702	0
2986.355	0
2987.007	0
2987.660	0
2988.313	0
2988.965	0
2989.618	0
2990.271	0
2990.923	0
2991.576	0
2992.228	0
2992.881	0
2993.534	0
2994.186	0
2994.839	0
2995.491	0
2996.144	0
2996.797	0
2997.449	0
2998.102	0
2998.754	0
2999.407	0
3000.060	0
3000.712	0
3001.365	0
3002.018	0
3002.670	0
3003.323	0
3003.975	0
3004.628	0
3005.281	0
3005.933	0
3006.586	0
3007.238	0
3007.891	0
3008.544	0
3009.196	0
3009.849	0
3010.501	0
3011.154	0
3011.807	0
3012.459	0
3013.112	0
3013.765	0
3014.417	0
3015.070	0
3015.722	0
3016.375	0
3017.028	0
3017.680	0
3018.333	0
3018.985	0
3019.638	0
3020.291	0
3020.943	0
3021.596	0
3022.249	0
3022.901	0
3023.554	0
3024.206	0
3024.859	0
3025.512	0
3026.164	0
3026.817	0
3027.469	0
3028.122	0
3028.775	0
3029.427	0
3030.080	0
3030.732	0
3031.385	0
3032.038	0
3032.690	0
3033.343	0
3033.996	0
3034.648	0
3035.301	0
3035.953	0
3036.606	0
3037.259	0
3037.911	0
3038.564	0
3039.216	0
3039.869	0
3040.522	0
3041.174	0
3041.827	0
3042.480	0
3043.132	0
3043.785	0
3044.437	0
3045.090	0
3045.743	0
3046.395	0
3047.048	0
3047.700	0
3048.353	0
3049.006	0
3049.658	0
3050.311	0
3050.963	0
3051.616	0
3052.269	0
3052.921	0
3053.574	0
3054.227	0
3054.879	0
3055.532	0
3056.184	0
3056.837	0
3057.490	0
3058.142	0
3058.795	0
3059.447	0
3060.100	0
3060.753	0
3061.405	0
3062.058	0
3062.710	0
3063.363	0
3064.016	0
3064.668	0
3065.321	0
3065.974	0
3066.626	0
3067.279	0
3067.931	0
3068.584	0
3069.237	0
3069.889	0
3070.542	0
3071.194	0
3071.847	0
3072.500	0
3073.152	0
3073.805	0
3074.458	0
3075.110	0
3075.763	0
3076.415	0
3077.068	0
3077.721	0
3078.373	0
3079.026	0
3079.678	0
3080.331	0
3080.984	0
3081.636	0
3082.289	0
3082.941	0
3083.594	0
3084.247	0
3084.899	0
3085.552	0
3086.205	0
3086.857	0
3087.510	0
3088.162	0
3088.815	0
3089.468	0
3090.120	0
3090.773	0
3091.425	0
3092.078	0
3092.731	0
3093.383	0
3094.036	0
3094.689	0
3095.341	0
3095.994	0
3096.646	0
3097.299	0
3097.952	0
3098.604	0
3099.257	0
3099.909	0
3100.562	0
3101.215	0
3101.867	0
3102.520	0
3103.172	0
3103.825	0
3104.478	0
3105.130	0
3105.783	0
3106.436	0
3107.088	0
3107.741	0
3108.393	0
3109.046	0
3109.699	0
3110.351	0
3111.004	0
3111.656	0
3112.309	0
3112.962	0
3113.614	0
3114.267	0
3114.919	0
3115.572	0
3116.225	0
3116.877	0
3117.530	0
3118.183	0
3118.835	0
3119.488	0
3120.140	0
3120.793	0
3121.446	0
3122.098	0
3122.751	0
3123.403	0
3124.056	0
3124.709	0
3125.361	0
3126.014	0
3126.667	0
3127.319	0
3127.972	0
3128.624	0
3129.277	0
3129.930	0
3130.582	0
3131.235	0
3131.887	0
3132.540	0
3133.193	0
3133.845	0
3134.498	0
3135.150	0
3135.803	0
3136.456	0
3137.108	0
3137.761	0
3138.414	0
3139.066	0
3139.719	0
3140.371	0
3141.024	0
3141.677	0
3142.329	0
3142.982	0
3143.634	0
3144.287	0
3144.940	0
3145.592	0
3146.245	0
3146.898	0
3147.550	0
3148.203	0
3148.855	0
3149.508	0
3150.161	0
3150.813	0
3151.466	0
3152.118	0
3152.771	0
3153.424	0
3154.076	0
3154.729	0
3155.381	0
3156.034	0
3156.687	0
3157.339	0
3157.992	0
3158.645	0
3159.297	0
3159.950	0
3160.602	0
3161.255	0
3161.908	0
3162.560	0
3163.213	0
3163.865	0
3164.518	0
3165.171	0
3165.823	0
3166.476	0
3167.128	0
3167.781	0
3168.434	0
3169.086	0
3169.739	0
3170.392	0
3171.044	0
3171.697	0
3172.349	0
3173.002	0
3173.655	0
3174.307	0
3174.960	0
3175.612	0
3176.265	0
3176.918	0
3177.570	0
3178.223	0
3178.876	0
3179.528	0
3180.181	0
3180.833	0
3181.486	0
3182.139	0
3182.791	0
3183.444	0
3184.096	0
3184.749	0
3185.402	0
3186.054	0
3186.707	0
3187.359	0
3188.012	0
3188.665	0
3189.317	0
3189.970	0
3190.623	0
3191.275	0
3191.928	0
3192.580	0
3193.233	0
3193.886	0
3194.538	0
3195.191	0
3195.843	0
3196.496	0
3197.149	0
3197.801	0
3198.454	0
3199.107	0
3199.759	0
3200.412	0
3201.064	0
3201.717	0
3202.370	0
3203.022	0
3203.675	0
3204.327	0
3204.980	0
3205.633	0
3206.285	0
3206.938	0
3207.590	0
3208.243	0
3208.896	0
3209.548	0
3210.201	0
3210.854	0
3211.506	0
3212.159	0
3212.811	0
3213.464	0
3214.117	0
3214.769	0
3215.422	0
3216.074	0
3216.727	0
3217.380	0
3218.032	0
3218.685	0
3219.337	0
3219.990	0
3220.643	0
3221.295	0
3221.948	0
3222.601	0
3223.253	0
3223.906	0
3224.558	0
3225.211	0
3225.864	0
3226.516	0
3227.169	0
3227.821	0
3228.474	0
3229.127	0
3229.779	0
3230.432	0
3231.085	0
3231.737	0
3232.390	0
3233.042	0
3233.695	0
3234.348	0
3235.000	0
3235.653	0
3236.305	0
3236.958	0
3237.611	0
3238.263	0
3238.916	0
3239.568	0
3240.221	0
3240.874	0
3241.526	0
3242.179	0
3242.832	0
3243.484	0
3244.137	0
3244.789	0
3245.442	0
3246.095	0
3246.747	0
3247.400	0
3248.052	0
3248.705	0
3249.358	0
3250.010	0
3250.663	0
3251.316	0
3251.968	0
3252.621	0
3253.273	0
3253.926	0
3254.579	0
3255.231	0
3255.884	0
3256.536	0
3257.189	0
3257.842	0
3258.494	0
3259.147	0
3259.799	0
3260.452	0
3261.105	0
3261.757	0
3262.410	0
3263.063	0
3263.715	0
3264.368	0
3265.020	0
3265.673	0
3266.326	0
3266.978	0
3267.631	0
3268.283	0
3268.936	0
3269.589	0
3270.241	0
3270.894	0
3271.546	0
3272.199	0
3272.852	0
3273.504	0
3274.157	0
3274.810	0
3275.462	0
3276.115	0
3276.767	0
3277.420	0
3278.073	0
3278.725	0
3279.378	0
3280.030	0
3280.683	0
3281.336	0
3281.988	0
3282.641	0
3283.294	0
3283.946	0
3284.599	0
3285.251	0
3285.904	0
3286.557	0
3287.209	0
3287.862	0
3288.514	0
3289.167	0
3289.820	0
3290.472	0
3291.125	0
3291.777	0
3292.430	0
3293.083	0
3293.735	0
3294.388	0
3295.041	0
3295.693	0
3296.346	0
3296.998	0
3297.651	0
3298.304	0
3298.956	0
3299.609	0
3300.261	0
3300.914	0
3301.567	0
3302.219	0
3302.872	0
3303.525	0
3304.177	0
3304.830	0
3305.482	0
3306.135	0
3306.788	0
3307.440	0
3308.093	0
3308.745	0
3309.398	0
3310.051	0
3310.703	0
3311.356	0
3312.008	0
3312.661	0
3313.314	0
3313.966	0
3314.619	0
3315.272	0
3315.924	0
3316.577	0
3317.229	0
3317.882	0
3318.535	0
3319.187	0
3319.840	0
3320.492	0
3321.145	0
3321.798	0
3322.450	0
3323.103	0
3323.755	0
3324.408	0
3325.061	0
3325.713	0
3326.366	0
3327.019	0
3327.671	0
3328.324	0
3328.976	0
3329.629	0
3330.282	0
3330.934	0
3331.587	0
3332.239	0
3332.892	0
3333.545	0
3334.197	0
3334.850	0
3335.503	0
3336.155	0
3336.808	0
3337.460	0
3338.113	0
3338.766	0
3339.418	0
3340.071	0
3340.723	0
3341.376	0
3342.029	0
3342.681	0
3343.334	0
3343.986	0
3344.639	0
3345.292	0
3345.944	0
3346.597	0
3347.250	0
3347.902	0
3348.555	0
3349.207	0
3349.860	0
3350.513	0
3351.165	0
3351.818	0
3352.470	0
3353.123	0
3353.776	0
3354.428	0
3355.081	0
3355.734	0
3356.386	0
3357.039	0
3357.691	0
3358.344	0
3358.997	0
3359.649	0
3360.302	0
3360.954	0
3361.607	0
3362.260	0
3362.912	0
3363.565	0
3364.217	0
3364.870	0
3365.523	0
3366.175	0
3366.828	0
3367.481	0
3368.133	0
3368.786	0
3369.438	0
3370.091	0
3370.744	0
3371.396	0
3372.049	0
3372.701	0
3373.354	0
3374.007	0
3374.659	0
3375.312	0
3375.965	0
3376.617	0
3377.270	0
3377.922	0
3378.575	0
3379.228	0
3379.880	0
3380.533	0
3381.185	0
3381.838	0
3382.491	0
3383.143	0
3383.796	0
3384.448	0
3385.101	0
3385.754	0
3386.406	0
3387.059	0
3387.712	0
3388.364	0
3389.017	0
3389.669	0
3390.322	0
3390.975	0
3391.627	0
3392.280	0
3392.932	0
3393.585	0
3394.238	0
3394.890	0
3395.543	0
3396.195	0
3396.848	0
3397.501	0
3398.153	0
3398.806	0
3399.459	0
3400.111	0
3400.764	0
3401.416	0
3402.069	0
3402.722	0
3403.374	0
3404.027	0
3404.679	0
3405.332	0
3405.985	0
3406.637	0
3407.290	0
3407.943	0
3408.595	0
3409.248	0
3409.900	0
3410.553	0
3411.206	0
3411.858	0
3412.511	0
3413.163	0
3413.816	0
3414.469	0
3415.121	0
3415.774	0
3416.426	0
3417.079	0
3417.732	0
3418.384	0
3419.037	0
3419.690	0
3420.342	0
3420.995	0
3421.647	0
3422.300	0
3422.953	0
3423.605	0
3424.258	0
3424.910	0
3425.563	0
3426.216	0
3426.868	0
3427.521	0
3428.174	0
3428.826	0
3429.479	0
3430.131	0
3430.784	0
3431.437	0
3432.089	0
3432.742	0
3433.394	0
3434.047	0
3434.700	0
3435.352	0
3436.005	0
3436.657	0
3437.310	0
3437.963	0
3438.615	0
3439.268	0
3439.921	0
3440.573	0
3441.226	0
3441.878	0
3442.531	0
3443.184	0
3443.836	0
3444.489	0
3445.141	0
3445.794	0
3446.447	0
3447.099	0
3447.752	0
3448.404	0
3449.057	0
3449.710	0
3450.362	0
3451.015	0
3451.668	0
3452.320	0
3452.973	0
3453.625	0
3454.278	0
3454.931	0
3455.583	0
3456.236	0
3456.888	0
3457.541	0
3458.194	0
3458.846	0
3459.499	0
3460.152	0
3460.804	0
3461.457	0
3462.109	0
3462.762	0
3463.415	0
3464.067	0
3464.720	0
3465.372	0
3466.025	0
3466.678	0
3467.330	0
3467.983	0
3468.635	0
3469.288	0
3469.941	0
3470.593	0
3471.246	0
3471.899	0
3472.551	0
3473.204	0
3473.856	0
3474.509	0
3475.162	0
3475.814	0
3476.467	0
3477.119	0
3477.772	0
3478.425	0
3479.077	0
3479.730	0
3480.383	0
3481.035	0
3481.688	0
3482.340	0
3482.993	0
3483.646	0
3484.298	0
3484.951	0
3485.603	0
3486.256	0
3486.909	0
3487.561	0
3488.214	0
3488.866	0
3489.519	0
3490.172	0
3490.824	0
3491.477	0
3492.130	0
3492.782	0
3493.435	0
3494.087	0
3494.740	0
3495.393	0
3496.045	0
3496.698	0
3497.350	0
3498.003	0
3498.656	0
3499.308	0
3499.961	0
3500.613	0
3501.266	0
3501.919	0
3502.571	0
3503.224	0
3503.877	0
3504.529	0
3505.182	0
3505.834	0
3506.487	0
3507.140	0
3507.792	0
3508.445	0
3509.097	0
3509.750	0
3510.403	0
3511.055	0
3511.708	0
3512.361	0
3513.013	0
3513.666	0
3514.318	0
3514.971	0
3515.624	0
3516.276	0
3516.929	0
3517.581	0
3518.234	0
3518.887	0
3519.539	0
3520.192	0
3520.844	0
3521.497	0
3522.150	0
3522.802	0
3523.455	0
3524.108	0
3524.760	0
3525.413	0
3526.065	0
3526.718	0
3527.371	0
3528.023	0
3528.676	0
3529.328	0
3529.981	0
3530.634	0
3531.286	0
3531.939	0
3532.592	0
3533.244	0
3533.897	0
3534.549	0
3535.202	0
3535.855	0
3536.507	0
3537.160	0
3537.812	0
3538.465	0
3539.118	0
3539.770	0
3540.423	0
3541.075	0
3541.728	0
3542.381	0
3543.033	0
3543.686	0
3544.339	0
3544.991	0
3545.644	0
3546.296	0
3546.949	0
3547.602	0
3548.254	0
3548.907	0
3549.559	0
3550.212	0
3550.865	0
3551.517	0
3552.170	0
3552.822	0
3553.475	0
3554.128	0
3554.780	0
3555.433	0
3556.086	0
3556.738	0
3557.391	0
3558.043	0
3558.696	0
3559.349	0
3560.001	0
3560.654	0
3561.306	0
3561.959	0
3562.612	0
3563.264	0
3563.917	0
3564.570	0
3565.222	0
3565.875	0
3566.527	0
3567.180	0
3567.833	0
3568.485	0
3569.138	0
3569.790	0
3570.443	0
3571.096	0
3571.748	0
3572.401	0
3573.053	0
3573.706	0
3574.359	0
3575.011	0
3575.664	0
3576.317	0
3576.969	0
3577.622	0
3578.274	0
3578.927	0
3579.580	0
3580.232	0
3580.885	0
3581.537	0
3582.190	0
3582.843	0
3583.495	0
3584.148	0
3584.801	0
3585.453	0
3586.106	0
3586.758	0
3587.411	0
3588.064	0
3588.716	0
3589.369	0
3590.021	0
3590.674	0
3591.327	0
3591.979	0
3592.632	0
3593.284	0
3593.937	0
3594.590	0
3595.242	0
3595.895	0
3596.548	0
3597.200	0
3597.853	0
3598.505	0
3599.158	0
3599.811	0
3600.463	0
3601.116	0
3601.768	0
3602.421	0
3603.074	0
3603.726	0
3604.379	0
3605.031	0
3605.684	0
3606.337	0
3606.989	0
3607.642	0
3608.295	0
3608.947	0
3609.600	0
3610.252	0
3610.905	0
3611.558	0
3612.210	0
3612.863	0
3613.515	0
3614.168	0
3614.821	0
3615.473	0
3616.126	0
3616.779	0
3617.431	0
3618.084	0
3618.736	0
3619.389	0
3620.042	0
3620.694	0
3621.347	0
3621.999	0
3622.652	0
3623.305	0
3623.957	0
3624.610	0
3625.262	0
3625.915	0
3626.568	0
3627.220	0
3627.873	0
3628.526	0
3629.178	0
3629.831	0
3630.483	0
3631.136	0
3631.789	0
3632.441	0
3633.094	0
3633.746	0
3634.399	0
3635.052	0
3635.704	0
3636.357	0
3637.010	0
3637.662	0
3638.315	0
3638.967	0
3639.620	0
3640.273	0
3640.925	0
3641.578	0
3642.230	0
3642.883	0
3643.536	0
3644.188	0
3644.841	0
3645.493	0
3646.146	0
3646.799	0
3647.451	0
3648.104	0
3648.757	0
3649.409	0
3650.062	0
3650.714	0
3651.367	0
3652.020	0
3652.672	0
3653.325	0
3653.977	0
3654.630	0
3655.283	0
3655.935	0
3656.588	0
3657.240	0
3657.893	0
3658.546	0
3659.198	0
3659.851	0
3660.504	0
3661.156	0
3661.809	0
3662.461	0
3663.114	0
3663.767	0
3664.419	0
3665.072	0
3665.724	0
3666.377	0
3667.030	0
3667.682	0
3668.335	0
3668.988	0
3669.640	0
3670.293	0
3670.945	0
3671.598	0
3672.251	0
3672.903	0
3673.556	0
3674.208	0
3674.861	0
3675.514	0
3676.166	0
3676.819	0
3677.471	0
3678.124	0
3678.777	0
3679.429	0
3680.082	0
3680.735	0
3681.387	0
3682.040	0
3682.692	0
3683.345	0
3683.998	0
3684.650	0
3685.303	0
3685.955	0
3686.608	0
3687.261	0
3687.913	0
3688.566	0
3689.219	0
3689.871	0
3690.524	0
3691.176	0
3691.829	0
3692.482	0
3693.134	0
3693.787	0
3694.439	0
3695.092	0
3695.745	0
3696.397	0
3697.050	0
3697.702	0
3698.355	0
3699.008	0
3699.660	0
3700.313	0
3700.966	0
3701.618	0
3702.271	0
3702.923	0
3703.576	0
3704.229	0
3704.881	0
3705.534	0
3706.186	0
3706.839	0
3707.492	0
3708.144	0
3708.797	0
3709.449	0
3710.102	0
3710.755	0
3711.407	0
3712.060	0
3712.713	0
3713.365	0
3714.018	0
3714.670	0
3715.323	0
3715.976	0
3716.628	0
3717.281	0
3717.933	0
3718.586	0
3719.239	0
3719.891	0
3720.544	0
3721.197	0
3721.849	0
3722.502	0
3723.154	0
3723.807	0
3724.460	0
3725.112	0
3725.765	0
3726.417	0
3727.070	0
3727.723	0
3728.375	0
3729.028	0
3729.680	0
3730.333	0
3730.986	0
3731.638	0
3732.291	0
3732.944	0
3733.596	0
3734.249	0
3734.901	0
3735.554	0
3736.207	0
3736.859	0
3737.512	0
3738.164	0
3738.817	0
3739.470	0
3740.122	0
3740.775	0
3741.428	0
3742.080	0
3742.733	0
3743.385	0
3744.038	0
3744.691	0
3745.343	0
3745.996	0
3746.648	0
3747.301	0
3747.954	0
3748.606	0
3749.259	0
3749.911	0
3750.564	0
3751.217	0
3751.869	0
3752.522	0
3753.175	0
3753.827	0
3754.480	0
3755.132	0
3755.785	0
3756.438	0
3757.090	0
3757.743	0
3758.395	0
3759.048	0
3759.701	0
3760.353	0
3761.006	0
3761.658	0
3762.311	0
3762.964	0
3763.616	0
3764.269	0
3764.922	0
3765.574	0
3766.227	0
3766.879	0
3767.532	0
3768.185	0
3768.837	0
3769.490	0
3770.142	0
3770.795	0
3771.448	0
3772.100	0
3772.753	0
3773.406	0
3774.058	0
3774.711	0
3775.363	0
3776.016	0
3776.669	0
3777.321	0
3777.974	0
3778.626	0
3779.279	0
3779.932	0
3780.584	0
3781.237	0
3781.889	0
3782.542	0
3783.195	0
3783.847	0
3784.500	0
3785.153	0
3785.805	0
3786.458	0
3787.110	0
3787.763	0
3788.416	0
3789.068	0
3789.721	0
3790.373	0
3791.026	0
3791.679	0
3792.331	0
3792.984	0
3793.637	0
3794.289	0
3794.942	0
3795.594	0
3796.247	0
3796.900	0
3797.552	0
3798.205	0
3798.857	0
3799.510	0
3800.163	0
3800.815	0
3801.468	0
3802.120	0
3802.773	0
3803.426	0
3804.078	0
3804.731	0
3805.384	0
3806.036	0
3806.689	0
3807.341	0
3807.994	0
3808.647	0
3809.299	0
3809.952	0
3810.604	0
3811.257	0
3811.910	0
3812.562	0
3813.215	0
3813.867	0
3814.520	0
3815.173	0
3815.825	0
3816.478	0
3817.131	0
3817.783	0
3818.436	0
3819.088	0
3819.741	0
3820.394	0
3821.046	0
3821.699	0
3822.351	0
3823.004	0
3823.657	0
3824.309	0
3824.962	0
3825.615	0
3826.267	0
3826.920	0
3827.572	0
3828.225	0
3828.878	0
3829.530	0
3830.183	0
3830.835	0
3831.488	0
3832.141	0
3832.793	0
3833.446	0
3834.098	0
3834.751	0
3835.404	0
3836.056	0
3836.709	0
3837.362	0
3838.014	0
3838.667	0
3839.319	0
3839.972	0
3840.625	0
3841.277	0
3841.930	0
3842.582	0
3843.235	0
3843.888	0
3844.540	0
3845.193	0
3845.846	0
3846.498	0
3847.151	0
3847.803	0
3848.456	0
3849.109	0
3849.761	0
3850.414	0
3851.066	0
3851.719	0
3852.372	0
3853.024	0
3853.677	0
3854.329	0
3854.982	0
3855.635	0
3856.287	0
3856.940	0
3857.593	0
3858.245	0
3858.898	0
3859.550	0
3860.203	0
3860.856	0
3861.508	0
3862.161	0
3862.813	0
3863.466	0
3864.119	0
3864.771	0
3865.424	0
3866.076	0
3866.729	0
3867.382	0
3868.034	0
3868.687	0
3869.340	0
3869.992	0
3870.645	0
3871.297	0
3871.950	0
3872.603	0
3873.255	0
3873.908	0
3874.560	0
3875.213	0
3875.866	0
3876.518	0
3877.171	0
3877.824	0
3878.476	0
3879.129	0
3879.781	0
3880.434	0
3881.087	0
3881.739	0
3882.392	0
3883.044	0
3883.697	0
3884.350	0
3885.002	0
3885.655	0
3886.307	0
3886.960	0
3887.613	0
3888.265	0
3888.918	0
3889.571	0
3890.223	0
3890.876	0
3891.528	0
3892.181	0
3892.834	0
3893.486	0
3894.139	0
3894.791	0
3895.444	0
3896.097	0
3896.749	0
3897.402	0
3898.055	0
3898.707	0
3899.360	0
3900.012	0
3900.665	0
3901.318	0
3901.970	0
3902.623	0
3903.275	0
3903.928	0
3904.581	0
3905.233	0
3905.886	0
3906.538	0
3907.191	0
3907.844	0
3908.496	0
3909.149	0
3909.802	0
3910.454	0
3911.107	0
3911.759	0
3912.412	0
3913.065	0
3913.717	0
3914.370	0
3915.022	0
3915.675	0
3916.328	0
3916.980	0
3917.633	0
3918.285	0
3918.938	0
3919.591	0
3920.243	0
3920.896	0
3921.549	0
3922.201	0
3922.854	0
3923.506	0
3924.159	0
3924.812	0
3925.464	0
3926.117	0
3926.769	0
3927.422	0
3928.075	0
3928.727	0
3929.380	0
3930.033	0
3930.685	0
3931.338	0
3931.990	0
3932.643	0
3933.296	0
3933.948	0
3934.601	0
3935.253	0
3935.906	0
3936.559	0
3937.211	0
3937.864	0
3938.516	0
3939.169	0
3939.822	0
3940.474	0
3941.127	0
3941.780	0
3942.432	0
3943.085	0
3943.737	0
3944.390	0
3945.043	0
3945.695	0
3946.348	0
3947.000	0
3947.653	0
3948.306	0
3948.958	0
3949.611	0
3950.264	0
3950.916	0
3951.569	0
3952.221	0
3952.874	0
3953.527	0
3954.179	0
3954.832	0
3955.484	0
3956.137	0
3956.790	0
3957.442	0
3958.095	0
3958.747	0
3959.400	0
3960.053	0
3960.705	0
3961.358	0
3962.011	0
3962.663	0
3963.316	0
3963.968	0
3964.621	0
3965.274	0
3965.926	0
3966.579	0
3967.231	0
3967.884	0
3968.537	0
3969.189	0
3969.842	0
3970.494	0
3971.147	0
3971.800	0
3972.452	0
3973.105	0
3973.758	0
3974.410	0
3975.063	0
3975.715	0
3976.368	0
3977.021	0
3977.673	0
3978.326	0
3978.978	0
3979.631	0
3980.284	0
3980.936	0
3981.589	0
3982.242	0
3982.894	0
3983.547	0
3984.199	0
3984.852	0
3985.505	0
3986.157	0
3986.810	0
3987.462	0
3988.115	0
3988.768	0
3989.420	0
3990.073	0
3990.725	0
3991.378	0
3992.031	0
3992.683	0
3993.336	0
3993.989	0
3994.641	0
3995.294	0
3995.946	0
3996.599	0
3997.252	0
3997.904	0
3998.557	0
3999.209	0
3999.862	0
4000.515	0
4001.167	0
4001.820	0
4002.473	0
4003.125	0
4003.778	0
4004.430	0
4005.083	0
4005.736	0
4006.388	0
4007.041	0
4007.693	0
4008.346	0
4008.999	0
4009.651	0
4010.304	0
4010.956	0
4011.609	0
4012.262	0
4012.914	0
4013.567	0
4014.220	0
4014.872	0
4015.525	0
4016.177	0
4016.830	0
4017.483	0
4018.135	0
4018.788	0
4019.440	0
4020.093	0
4020.746	0
4021.398	0
4022.051	0
4022.703	0
4023.356	0
4024.009	0
4024.661	0
4025.314	0
4025.967	0
4026.619	0
4027.272	0
4027.924	0
4028.577	0
4029.230	0
4029.882	0
4030.535	0
4031.187	0
4031.840	0
4032.493	0
4033.145	0
4033.798	0
4034.451	0
4035.103	0
4035.756	0
4036.408	0
4037.061	0
4037.714	0
4038.366	0
4039.019	0
4039.671	0
4040.324	0
4040.977	0
4041.629	0
4042.282	0
4042.934	0
4043.587	0
4044.240	0
4044.892	0
4045.545	0
4046.198	0
4046.850	0
4047.503	0
4048.155	0
4048.808	0
4049.461	0
4050.113	0
4050.766	0
4051.418	0
4052.071	0
4052.724	0
4053.376	0
4054.029	0
4054.682	0
4055.334	0
4055.987	0
4056.639	0
4057.292	0
4057.945	0
4058.597	0
4059.250	0
4059.902	0
4060.555	0
4061.208	0
4061.860	0
4062.513	0
4063.165	0
4063.818	0
4064.471	0
4065.123	0
4065.776	0
4066.429	0
4067.081	0
4067.734	0
4068.386	0
4069.039	0
4069.692	0
4070.344	0
4070.997	0
4071.649	0
4072.302	0
4072.955	0
4073.607	0
4074.260	0
4074.912	0
4075.565	0
4076.218	0
4076.870	0
4077.523	0
4078.176	0
4078.828	0
4079.481	0
4080.133	0
4080.786	0
4081.439	0
4082.091	0
4082.744	0
4083.396	0
4084.049	0
4084.702	0
4085.354	0
4086.007	0
4086.660	0
4087.312	0
4087.965	0
4088.617	0
4089.270	0
4089.923	0
4090.575	0
4091.228	0
4091.880	0
4092.533	0
4093.186	0
4093.838	0
4094.491	0
4095.143	0
4095.796	0
4096.449	0
4097.101	0
4097.754	0
4098.407	0
4099.059	0
4099.712	0
4100.364	0
4101.017	0
4101.670	0
4102.322	0
4102.975	0
4103.627	0
4104.280	0
4104.933	0
4105.585	0
4106.238	0
4106.891	0
4107.543	0
4108.196	0
4108.848	0
4109.501	0
4110.154	0
4110.806	0
4111.459	0
4112.111	0
4112.764	0
4113.417	0
4114.069	0
4114.722	0
4115.374	0
4116.027	0
4116.680	0
4117.332	0
4117.985	0
4118.638	0
4119.290	0
4119.943	0
4120.595	0
4121.248	0
4121.901	0
4122.553	0
4123.206	0
4123.858	0
4124.511	0
4125.164	0
4125.816	0
4126.469	0
4127.121	0
4127.774	0
4128.427	0
4129.079	0
4129.732	0
4130.385	0
4131.037	0
4131.690	0
4132.342	0
4132.995	0
4133.648	0
4134.300	0
4134.953	0
4135.605	0
4136.258	0
4136.911	0
4137.563	0
4138.216	0
4138.869	0
4139.521	0
4140.174	0
4140.826	0
4141.479	0
4142.132	0
4142.784	0
4143.437	0
4144.089	0
4144.742	0
4145.395	0
4146.047	0
4146.700	0
4147.352	0
4148.005	0
4148.658	0
4149.310	0
4149.963	0
4150.616	0
4151.268	0
4151.921	0
4152.573	0
4153.226	0
4153.879	0
4154.531	0
4155.184	0
4155.836	0
4156.489	0
4157.142	0
4157.794	0
4158.447	0
4159.100	0
4159.752	0
4160.405	0
4161.057	0
4161.710	0
4162.363	0
4163.015	0
4163.668	0
4164.320	0
4164.973	0
4165.626	0
4166.278	0
4166.931	0
4167.583	0
4168.236	0
4168.889	0
4169.541	0
4170.194	0
4170.847	0
4171.499	0
4172.152	0
4172.804	0
4173.457	0
4174.110	0
4174.762	0
4175.415	0
4176.067	0
4176.720	0
4177.373	0
4178.025	0
4178.678	0
4179.330	0
4179.983	0
4180.636	0
4181.288	0
4181.941	0
4182.594	0
4183.246	0
4183.899	0
4184.551	0
4185.204	0
4185.857	0
4186.509	0
4187.162	0
4187.814	0
4188.467	0
4189.120	0
4189.772	0
4190.425	0
4191.078	0
4191.730	0
4192.383	0
4193.035	0
4193.688	0
4194.341	0
4194.993	0
4195.646	0
4196.298	0
4196.951	0
4197.604	0
4198.256	0
4198.909	0
4199.561	0
4200.214	0
4200.867	0
4201.519	0
4202.172	0
4202.825	0
4203.477	0
4204.130	0
4204.782	0
4205.435	0
4206.088	0
4206.740	0
4207.393	0
4208.045	0
4208.698	0
4209.351	0
4210.003	0
4210.656	0
4211.309	0
4211.961	0
4212.614	0
4213.266	0
4213.919	0
4214.572	0
4215.224	0
4215.877	0
4216.529	0
4217.182	0
4217.835	0
4218.487	0
4219.140	0
4219.792	0
4220.445	0
4221.098	0
4221.750	0
4222.403	0
4223.056	0
4223.708	0
4224.361	0
4225.013	0
4225.666	0
4226.319	0
4226.971	0
4227.624	0
4228.276	0
4228.929	0
4229.582	0
4230.234	0
4230.887	0
4231.539	0
4232.192	0
4232.845	0
4233.497	0
4234.150	0
4234.803	0
4235.455	0
4236.108	0
4236.760	0
4237.413	0
4238.066	0
4238.718	0
4239.371	0
4240.023	0
4240.676	0
4241.329	0
4241.981	0
4242.634	0
4243.287	0
4243.939	0
4244.592	0
4245.244	0
4245.897	0
4246.550	0
4247.202	0
4247.855	0
4248.507	0
4249.160	0
4249.813	0
4250.465	0
4251.118	0
4251.770	0
4252.423	0
4253.076	0
4253.728	0
4254.381	0
4255.034	0
4255.686	0
4256.339	0
4256.991	0
4257.644	0
4258.297	0
4258.949	0
4259.602	0
4260.254	0
4260.907	0
4261.560	0
4262.212	0
4262.865	0
4263.518	0
4264.170	0
4264.823	0
4265.475	0
4266.128	0
4266.781	0
4267.433	0
4268.086	0
4268.738	0
4269.391	0
4270.044	0
4270.696	0
4271.349	0
4272.001	0
4272.654	0
4273.307	0
4273.959	0
4274.612	0
4275.265	0
4275.917	0
4276.570	0
4277.222	0
4277.875	0
4278.528	0
4279.180	0
4279.833	0
4280.485	0
4281.138	0
4281.791	0
4282.443	0
4283.096	0
4283.748	0
4284.401	0
4285.054	0
4285.706	0
4286.359	0
4287.012	0
4287.664	0
4288.317	0
4288.969	0
4289.622	0
4290.275	0
4290.927	0
4291.580	0
4292.232	0
4292.885	0
4293.538	0
4294.190	0
4294.843	0
4295.496	0
4296.148	0
4296.801	0
4297.453	7
4298.106	73
4298.759	226
4299.411	273
4300.064	197
4300.716	40
4301.369	6
4302.022	0
4302.674	0
4303.327	0
4303.979	0
4304.632	0
4305.285	0
4305.937	0
4306.590	0
4307.243	0
4307.895	0
4308.548	0
4309.200	0
4309.853	0
4310.506	0
4311.158	0
4311.811	0
4312.463	0
4313.116	0
4313.769	0
4314.421	0
4315.074	0
4315.727	0
4316.379	0
4317.032	0
4317.684	0
4318.337	0
4318.990	0
4319.642	0
4320.295	0
4320.947	0
4321.600	0
4322.253	0
4322.905	0
4323.558	0
4324.210	0
4324.863	0
4325.516	0
4326.168	0
4326.821	0
4327.474	0
4328.126	0
4328.779	0
4329.431	0
4330.084	0
4330.737	0
4331.389	0
4332.042	0
4332.694	0
4333.347	0
4334.000	0
4334.652	0
4335.305	0
4335.957	0
4336.610	0
4337.263	0
4337.915	0
4338.568	0
4339.221	0
4339.873	0
4340.526	0
4341.178	0
4341.831	0
4342.484	0
4343.136	0
4343.789	0
4344.441	0
4345.094	0
4345.747	0
4346.399	0
4347.052	0
4347.705	0
4348.357	0
4349.010	0
4349.662	0
4350.315	0
4350.968	0
4351.620	0
4352.273	0
4352.925	0
4353.578	0
4354.231	0
4354.883	0
4355.536	0
4356.188	0
4356.841	0
4357.494	0
4358.146	0
4358.799	0
4359.452	0
4360.104	0
4360.757	0
4361.409	0
4362.062	0
4362.715	0
4363.367	0
4364.020	0
4364.672	0
4365.325	0
4365.978	0
4366.630	0
4367.283	0
4367.936	0
4368.588	0
4369.241	0
4369.893	0
4370.546	0
4371.199	0
4371.851	0
4372.504	0
4373.156	0
4373.809	0
4374.462	0
4375.114	0
4375.767	0
4376.419	0
4377.072	0
4377.725	0
4378.377	0
4379.030	0
4379.683	0
4380.335	0
4380.988	0
4381.640	0
4382.293	0
4382.946	0
4383.598	0
4384.251	0
4384.903	0
4385.556	0
4386.209	0
4386.861	0
4387.514	0
4388.166	0
4388.819	0
4389.472	0
4390.124	0
4390.777	0
4391.430	0
4392.082	0
4392.735	0
4393.387	0
4394.040	0
4394.693	0
4395.345	0
4395.998	0
4396.650	0
4397.303	0
4397.956	0
4398.608	0
4399.261	0
4399.914	0
4400.566	0
4401.219	0
4401.871	0
4402.524	0
4403.177	0
4403.829	0
4404.482	0
4405.134	0
4405.787	0
4406.440	0
4407.092	0
4407.745	0
4408.397	0
4409.050	0
4409.703	0
4410.355	0
4411.008	0
4411.661	0
4412.313	0
4412.966	0
4413.618	0
4414.271	0
4414.924	0
4415.576	0
4416.229	0
4416.881	0
4417.534	0
4418.187	0
4418.839	0
4419.492	0
4420.145	0
4420.797	0
4421.450	0
4422.102	0
4422.755	0
4423.408	0
4424.060	0
4424.713	0
4425.365	0
4426.018	0
4426.671	0
4427.323	0
4427.976	0
4428.628	0
4429.281	0
4429.934	0
4430.586	0
4431.239	0
4431.892	0
4432.544	0
4433.197	0
4433.849	0
4434.502	0
4435.155	0
4435.807	0
4436.460	0
4437.112	0
4437.765	0
4438.418	0
4439.070	0
4439.723	0
4440.375	0
4441.028	0
4441.681	0
4442.333	0
4442.986	0
4443.639	0
4444.291	0
4444.944	0
4445.596	0
4446.249	0
4446.902	0
4447.554	0
4448.207	0
4448.859	0
4449.512	0
4450.165	0
4450.817	0
4451.470	0
4452.123	0
4452.775	0
4453.428	0
4454.080	0
4454.733	0
4455.386	0
4456.038	0
4456.691	0
4457.343	0
4457.996	0
4458.649	0
4459.301	0
4459.954	0
4460.606	0
4461.259	0
4461.912	0
4462.564	0
4463.217	0
4463.870	0
4464.522	0
4465.175	0
4465.827	0
4466.480	0
4467.133	0
4467.785	0
4468.438	0
4469.090	0
4469.743	0
4470.396	0
4471.048	0
4471.701	0
4472.354	0
4473.006	0
4473.659	0
4474.311	0
4474.964	0
4475.617	0
4476.269	0
4476.922	0
4477.574	0
4478.227	0
4478.880	0
4479.532	0
4480.185	0
4480.837	0
4481.490	0
4482.143	0
4482.795	0
4483.448	0
4484.101	0
4484.753	0
4485.406	0
4486.058	0
4486.711	0
4487.364	0
4488.016	0
4488.669	0
4489.321	0
4489.974	0
4490.627	0
4491.279	0
4491.932	0
4492.585	0
4493.237	0
4493.890	0
4494.542	0
4495.195	0
4495.848	0
4496.500	0
4497.153	0
4497.805	0
4498.458	0
4499.111	0
4499.763	0
4500.416	0
4501.068	0
4501.721	0
4502.374	0
4503.026	0
4503.679	0
4504.332	0
4504.984	0
4505.637	0
4506.289	0
4506.942	0
4507.595	0
4508.247	0
4508.900	0
4509.552	0
4510.205	0
4510.858	0
4511.510	0
4512.163	0
4512.815	0
4513.468	0
4514.121	0
4514.773	0
4515.426	0
4516.079	0
4516.731	0
4517.384	0
4518.036	0
4518.689	0
4519.342	0
4519.994	0
4520.647	0
4521.299	0
4521.952	0
4522.605	0
4523.257	0
4523.910	0
4524.563	0
4525.215	0
4525.868	0
4526.520	0
4527.173	0
4527.826	0
4528.478	0
4529.131	0
4529.783	0
4530.436	0
4531.089	0
4531.741	0
4532.394	0
4533.046	0
4533.699	0
4534.352	0
4535.004	0
4535.657	0
4536.310	0
4536.962	0
4537.615	0
4538.267	0
4538.920	0
4539.573	0
4540.225	0
4540.878	0
4541.530	0
4542.183	0
4542.836	0
4543.488	0
4544.141	0
4544.794	0
4545.446	0
4546.099	0
4546.751	0
4547.404	0
4548.057	0
4548.709	0
4549.362	0
4550.014	0
4550.667	0
4551.320	0
4551.972	0
4552.625	0
4553.277	0
4553.930	0
4554.583	0
4555.235	0
4555.888	0
4556.541	0
4557.193	0
4557.846	0
4558.498	0
4559.151	0
4559.804	0
4560.456	0
4561.109	0
4561.761	0
4562.414	0
4563.067	0
4563.719	0
4564.372	0
4565.024	0
4565.677	0
4566.330	0
4566.982	0
4567.635	0
4568.288	0
4568.940	0
4569.593	0
4570.245	0
4570.898	0
4571.551	0
4572.203	0
4572.856	0
4573.508	0
4574.161	0
4574.814	0
4575.466	0
4576.119	0
4576.772	0
4577.424	0
4578.077	0
4578.729	0
4579.382	0
4580.035	0
4580.687	0
4581.340	0
4581.992	0
4582.645	0
4583.298	0
4583.950	0
4584.603	0
4585.255	0
4585.908	0
4586.561	0
4587.213	0
4587.866	0
4588.519	0
4589.171	0
4589.824	0
4590.476	0
4591.129	0
4591.782	0
4592.434	0
4593.087	0
4593.739	0
4594.392	0
4595.045	0
4595.697	0
4596.350	0
4597.003	0
4597.655	0
4598.308	0
4598.960	0
4599.613	0
4600.266	0
4600.918	0
4601.571	0
4602.223	0
4602.876	0
4603.529	0
4604.181	0
4604.834	0
4605.486	0
4606.139	0
4606.792	0
4607.444	0
4608.097	0
4608.750	0
4609.402	0
4610.055	0
4610.707	0
4611.360	0
4612.013	0
4612.665	0
4613.318	0
4613.970	0
4614.623	0
4615.276	0
4615.928	0
4616.581	0
4617.233	0
4617.886	0
4618.539	0
4619.191	0
4619.844	0
4620.497	0
4621.149	0
4621.802	0
4622.454	0
4623.107	0
4623.760	0
4624.412	0
4625.065	0
4625.717	0
4626.370	0
4627.023	0
4627.675	0
4628.328	0
4628.981	0
4629.633	0
4630.286	0
4630.938	0
4631.591	0
4632.244	0
4632.896	0
4633.549	0
4634.201	0
4634.854	0
4635.507	0
4636.159	0
4636.812	0
4637.464	0
4638.117	0
4638.770	0
4639.422	0
4640.075	0
4640.728	0
4641.380	0
4642.033	0
4642.685	0
4643.338	0
4643.991	0
4644.643	0
4645.296	0
4645.948	0
4646.601	0
4647.254	0
4647.906	0
4648.559	0
4649.212	0
4649.864	0
4650.517	0
4651.169	0
4651.822	0
4652.475	0
4653.127	0
4653.780	0
4654.432	0
4655.085	0
4655.738	0
4656.390	0
4657.043	0
4657.695	0
4658.348	0
4659.001	0
4659.653	0
4660.306	0
4660.959	0
4661.611	0
4662.264	0
4662.916	0
4663.569	0
4664.222	0
4664.874	0
4665.527	0
4666.179	0
4666.832	0
4667.485	0
4668.137	0
4668.790	0
4669.442	0
4670.095	0
4670.748	0
4671.400	0
4672.053	0
4672.706	0
4673.358	0
4674.011	0
4674.663	0
4675.316	0
4675.969	0
4676.621	0
4677.274	0
4677.926	0
4678.579	0
4679.232	0
4679.884	0
4680.537	0
4681.190	0
4681.842	0
4682.495	0
4683.147	0
4683.800	0
4684.453	0
4685.105	0
4685.758	0
4686.410	0
4687.063	0
4687.716	0
4688.368	0
4689.021	0
4689.673	0
4690.326	0
4690.979	0
4691.631	0
4692.284	0
4692.937	0
4693.589	0
4694.242	0
4694.894	0
4695.547	0
4696.200	0
4696.852	0
4697.505	0
4698.157	0
4698.810	0
4699.463	0
4700.115	0
4700.768	0
4701.421	0
4702.073	0
4702.726	0
4703.378	0
4704.031	0
4704.684	0
4705.336	0
4705.989	0
4706.641	0
4707.294	0
4707.947	0
4708.599	0
4709.252	0
4709.904	0
4710.557	0
4711.210	0
4711.862	0
4712.515	0
4713.168	0
4713.820	0
4714.473	0
4715.125	0
4715.778	0
4716.431	0
4717.083	0
4717.736	0
4718.388	0
4719.041	0
4719.694	0
4720.346	0
4720.999	0
4721.651	0
4722.304	0
4722.957	0
4723.609	0
4724.262	0
4724.915	0
4725.567	0
4726.220	0
4726.872	0
4727.525	0
4728.178	0
4728.830	0
4729.483	0
4730.135	0
4730.788	0
4731.441	0
4732.093	0
4732.746	0
4733.399	0
4734.051	0
4734.704	0
4735.356	0
4736.009	0
4736.662	0
4737.314	0
4737.967	0
4738.619	0
4739.272	0
4739.925	0
4740.577	0
4741.230	0
4741.882	0
4742.535	0
4743.188	0
4743.840	0
4744.493	0
4745.146	0
4745.798	0
4746.451	0
4747.103	0
4747.756	0
4748.409	0
4749.061	0
4749.714	0
4750.366	0
4751.019	0
4751.672	0
4752.324	0
4752.977	0
4753.630	0
4754.282	0
4754.935	0
4755.587	0
4756.240	0
4756.893	0
4757.545	0
4758.198	0
4758.850	0
4759.503	0
4760.156	0
4760.808	0
4761.461	0
4762.113	0
4762.766	0
4763.419	0
4764.071	0
4764.724	0
4765.377	0
4766.029	0
4766.682	0
4767.334	0
4767.987	0
4768.640	0
4769.292	0
4769.945	0
4770.597	0
4771.250	0
4771.903	0
4772.555	0
4773.208	0
4773.860	0
4774.513	0
4775.166	0
4775.818	0
4776.471	0
4777.124	0
4777.776	0
4778.429	0
4779.081	0
4779.734	0
4780.387	0
4781.039	0
4781.692	0
4782.344	0
4782.997	0
4783.650	0
4784.302	0
4784.955	0
4785.608	0
4786.260	0
4786.913	0
4787.565	0
4788.218	0
4788.871	0
4789.523	0
4790.176	0
4790.828	0
4791.481	0
4792.134	0
4792.786	0
4793.439	0
4794.091	0
4794.744	0
4795.397	0
4796.049	0
4796.702	0
4797.355	0
4798.007	0
4798.660	0
4799.312	0
4799.965	0
4800.618	0
4801.270	0
4801.923	0
4802.575	0
4803.228	0
4803.881	0
4804.533	0
4805.186	0
4805.839	0
4806.491	0
4807.144	0
4807.796	0
4808.449	0
4809.102	0
4809.754	0
4810.407	0
4811.059	0
4811.712	0
4812.365	0
4813.017	0
4813.670	0
4814.322	0
4814.975	0
4815.628	0
4816.280	0
4816.933	0
4817.586	0
4818.238	0
4818.891	0
4819.543	0
4820.196	0
4820.849	0
4821.501	0
4822.154	0
4822.806	0
4823.459	0
4824.112	0
4824.764	0
4825.417	0
4826.069	0
4826.722	0
4827.375	0
4828.027	0
4828.680	0
4829.333	0
4829.985	0
4830.638	0
4831.290	0
4831.943	0
4832.596	0
4833.248	0
4833.901	0
4834.553	0
4835.206	0
4835.859	0
4836.511	0
4837.164	0
4837.817	0
4838.469	0
4839.122	0
4839.774	0
4840.427	0
4841.080	0
4841.732	0
4842.385	0
4843.037	0
4843.690	0
4844.343	0
4844.995	0
4845.648	0
4846.300	0
4846.953	0
4847.606	0
4848.258	0
4848.911	0
4849.564	0
4850.216	0
4850.869	0
4851.521	0
4852.174	0
4852.827	0
4853.479	0
4854.132	0
4854.784	0
4855.437	0
4856.090	0
4856.742	0
4857.395	0
4858.048	0
4858.700	0
4859.353	0
4860.005	0
4860.658	0
4861.311	0
4861.963	0
4862.616	0
4863.268	0
4863.921	0
4864.574	0
4865.226	0
4865.879	0
4866.531	0
4867.184	0
4867.837	0
4868.489	0
4869.142	0
4869.795	0
4870.447	0
4871.100	0
4871.752	0
4872.405	0
4873.058	0
4873.710	0
4874.363	0
4875.015	0
4875.668	0
4876.321	0
4876.973	0
4877.626	0
4878.278	0
4878.931	0
4879.584	0
4880.236	0
4880.889	0
4881.542	0
4882.194	0
4882.847	0
4883.499	0
4884.152	0
4884.805	0
4885.457	0
4886.110	0
4886.762	0
4887.415	0
4888.068	0
4888.720	0
4889.373	0
4890.026	0
4890.678	0
4891.331	0
4891.983	0
4892.636	0
4893.289	0
4893.941	0
4894.594	0
4895.246	0
4895.899	0
4896.552	0
4897.204	0
4897.857	0
4898.509	0
4899.162	0
4899.815	0
4900.467	0
4901.120	0
4901.773	0
4902.425	0
4903.078	0
4903.730	0
4904.383	0
4905.036	0
4905.688	0
4906.341	0
4906.993	0
4907.646	0
4908.299	0
4908.951	0
4909.604	0
4910.257	0
4910.909	0
4911.562	0
4912.214	0
4912.867	0
4913.520	0
4914.172	0
4914.825	0
4915.477	0
4916.130	0
4916.783	0
4917.435	0
4918.088	0
4918.740	0
4919.393	0
4920.046	0
4920.698	0
4921.351	0
4922.004	0
4922.656	0
4923.309	0
4923.961	0
4924.614	0
4925.267	0
4925.919	0
4926.572	0
4927.224	0
4927.877	0
4928.530	0
4929.182	0
4929.835	0
4930.487	0
4931.140	0
4931.793	0
4932.445	0
4933.098	0
4933.751	0
4934.403	0
4935.056	0
4935.708	0
4936.361	0
4937.014	0
4937.666	0
4938.319	0
4938.971	0
4939.624	0
4940.277	0
4940.929	0
4941.582	0
4942.235	0
4942.887	0
4943.540	0
4944.192	0
4944.845	0
4945.498	0
4946.150	0
4946.803	0
4947.455	0
4948.108	0
4948.761	0
4949.413	0
4950.066	0
4950.718	0
4951.371	0
4952.024	0
4952.676	0
4953.329	0
4953.982	0
4954.634	0
4955.287	0
4955.939	0
4956.592	0
4957.245	0
4957.897	0
4958.550	0
4959.202	0
4959.855	0
4960.508	0
4961.160	0
4961.813	0
4962.466	0
4963.118	0
4963.771	0
4964.423	0
4965.076	0
4965.729	0
4966.381	0
4967.034	0
4967.686	0
4968.339	0
4968.992	0
4969.644	0
4970.297	0
4970.949	0
4971.602	0
4972.255	0
4972.907	0
4973.560	0
4974.213	0
4974.865	0
4975.518	0
4976.170	0
4976.823	0
4977.476	0
4978.128	0
4978.781	0
4979.433	0
4980.086	0
4980.739	0
4981.391	0
4982.044	0
4982.696	0
4983.349	0
4984.002	0
4984.654	0
4985.307	0
4985.960	0
4986.612	0
4987.265	0
4987.917	0
4988.570	0
4989.223	0
4989.875	0
4990.528	0
4991.180	0
4991.833	0
4992.486	0
4993.138	0
4993.791	0
4994.444	0
4995.096	0
4995.749	0
4996.401	0
4997.054	0
4997.707	0
4998.359	0
4999.012	0
4999.664	0
5000.317	0
5000.970	0
5001.622	0
5002.275	0
5002.927	0
5003.580	0
5004.233	0
5004.885	0
5005.538	0
5006.191	0
5006.843	0
5007.496	0
5008.148	0
5008.801	0
5009.454	0
5010.106	0
5010.759	0
5011.411	0
5012.064	0
5012.717	0
5013.369	0
5014.022	0
5014.675	0
5015.327	0
5015.980	0
5016.632	0
5017.285	0
5017.938	0
5018.590	0
5019.243	0
5019.895	0
5020.548	0
5021.201	0
5021.853	0
5022.506	0
5023.158	0
5023.811	0
5024.464	0
5025.116	0
5025.769	0
5026.422	0
5027.074	0
5027.727	0
5028.379	0
5029.032	0
5029.685	0
5030.337	0
5030.990	0
5031.642	0
5032.295	0
5032.948	0
5033.600	0
5034.253	0
5034.905	0
5035.558	0
5036.211	0
5036.863	0
5037.516	0
5038.169	0
5038.821	0
5039.474	0
5040.126	0
5040.779	0
5041.432	0
5042.084	0
5042.737	0
5043.389	0
5044.042	0
5044.695	0
5045.347	0
5046.000	0
5046.653	0
5047.305	0
5047.958	0
5048.610	0
5049.263	0
5049.916	0
5050.568	0
5051.221	0
5051.873	0
5052.526	0
5053.179	0
5053.831	0
5054.484	0
5055.136	0
5055.789	0
5056.442	0
5057.094	0
5057.747	0
5058.400	0
5059.052	0
5059.705	0
5060.357	0
5061.010	0
5061.663	0
5062.315	0
5062.968	0
5063.620	0
5064.273	0
5064.926	0
5065.578	0
5066.231	0
5066.884	0
5067.536	0
5068.189	0
5068.841	0
5069.494	0
5070.147	0
5070.799	0
5071.452	0
5072.104	0
5072.757	0
5073.410	0
5074.062	0
5074.715	0
5075.367	0
5076.020	0
5076.673	0
5077.325	0
5077.978	0
5078.631	0
5079.283	0
5079.936	0
5080.588	0
5081.241	0
5081.894	0
5082.546	0
5083.199	0
5083.851	0
5084.504	0
5085.157	0
5085.809	0
5086.462	0
5087.114	0
5087.767	0
5088.420	0
5089.072	0
5089.725	0
5090.378	0
5091.030	0
5091.683	0
5092.335	0
5092.988	0
5093.641	0
5094.293	0
5094.946	0
5095.598	0
5096.251	0
5096.904	0
5097.556	0
5098.209	0
5098.862	0
5099.514	0
5100.167	0
5100.819	0
5101.472	0
5102.125	0
5102.777	0
5103.430	0
5104.082	0
5104.735	0
5105.388	0
5106.040	0
5106.693	0
5107.345	0
5107.998	0
5108.651	0
5109.303	0
5109.956	0
5110.609	0
5111.261	0
5111.914	0
5112.566	0
5113.219	0
5113.872	0
5114.524	0
5115.177	0
5115.829	0
5116.482	0
5117.135	0
5117.787	0
5118.440	0
5119.093	0
5119.745	0
5120.398	0
5121.050	0
5121.703	0
5122.356	0
5123.008	0
5123.661	0
5124.313	0
5124.966	0
5125.619	0
5126.271	0
5126.924	0
5127.576	0
5128.229	0
5128.882	0
5129.534	0
5130.187	0
5130.840	0
5131.492	0
5132.145	0
5132.797	0
5133.450	0
5134.103	0
5134.755	0
5135.408	0
5136.060	0
5136.713	0
5137.366	0
5138.018	0
5138.671	0
5139.323	0
5139.976	0
5140.629	0
5141.281	0
5141.934	0
5142.587	0
5143.239	0
5143.892	0
5144.544	0
5145.197	0
5145.850	0
5146.502	0
5147.155	0
5147.807	0
5148.460	0
5149.113	0
5149.765	0
5150.418	0
5151.071	0
5151.723	0
5152.376	0
5153.028	0
5153.681	0
5154.334	0
5154.986	0
5155.639	0
5156.291	0
5156.944	0
5157.597	0
5158.249	0
5158.902	0
5159.554	0
5160.207	0
5160.860	0
5161.512	0
5162.165	0
5162.818	0
5163.470	0
5164.123	0
5164.775	0
5165.428	0
5166.081	0
5166.733	0
5167.386	0
5168.038	0
5168.691	0
5169.344	0
5169.996	0
5170.649	0
5171.302	0
5171.954	0
5172.607	0
5173.259	0
5173.912	0
5174.565	0
5175.217	0
5175.870	0
5176.522	0
5177.175	0
5177.828	0
5178.480	0
5179.133	0
5179.785	0
5180.438	0
5181.091	0
5181.743	0
5182.396	0
5183.049	0
5183.701	0
5184.354	0
5185.006	0
5185.659	0
5186.312	0
5186.964	0
5187.617	0
5188.269	0
5188.922	0
5189.575	0
5190.227	0
5190.880	0
5191.532	0
5192.185	0
5192.838	0
5193.490	0
5194.143	0
5194.796	0
5195.448	0
5196.101	0
5196.753	0
5197.406	0
5198.059	0
5198.711	0
5199.364	0
5200.016	0
5200.669	0
5201.322	0
5201.974	0
5202.627	0
5203.280	0
5203.932	0
5204.585	0
5205.237	0
5205.890	0
5206.543	0
5207.195	0
5207.848	0
5208.500	0
5209.153	0
5209.806	0
5210.458	0
5211.111	0
5211.763	0
5212.416	0
5213.069	0
5213.721	0
5214.374	0
5215.027	0
5215.679	0
5216.332	0
5216.984	0
5217.637	0
5218.290	0
5218.942	0
5219.595	0
5220.247	0
5220.900	0
5221.553	0
5222.205	0
5222.858	0
5223.511	0
5224.163	0
5224.816	0
5225.468	0
5226.121	0
5226.774	0
5227.426	0
5228.079	0
5228.731	0
5229.384	0
5230.037	0
5230.689	0
5231.342	0
5231.994	0
5232.647	0
5233.300	0
5233.952	0
5234.605	0
5235.258	0
5235.910	0
5236.563	0
5237.215	0
5237.868	0
5238.521	0
5239.173	0
5239.826	0
5240.478	0
5241.131	0
5241.784	0
5242.436	0
5243.089	0
5243.741	0
5244.394	0
5245.047	0
5245.699	0
5246.352	0
5247.005	0
5247.657	0
5248.310	0
5248.962	0
5249.615	0
5250.268	0
5250.920	0
5251.573	0
5252.225	0
5252.878	0
5253.531	0
5254.183	0
5254.836	0
5255.489	0
5256.141	0
5256.794	0
5257.446	0
5258.099	0
5258.752	0
5259.404	0
5260.057	0
5260.709	0
5261.362	0
5262.015	0
5262.667	0
5263.320	0
5263.972	0
5264.625	0
5265.278	0
5265.930	0
5266.583	0
5267.236	0
5267.888	0
5268.541	0
5269.193	0
5269.846	0
5270.499	0
5271.151	0
5271.804	0
5272.456	0
5273.109	0
5273.762	0
5274.414	0
5275.067	0
5275.720	0
5276.372	0
5277.025	0
5277.677	0
5278.330	0
5278.983	0
5279.635	0
5280.288	0
5280.940	0
5281.593	0
5282.246	0
5282.898	0
5283.551	0
5284.203	0
5284.856	0
5285.509	0
5286.161	0
5286.814	0
5287.467	0
5288.119	0
5288.772	0
5289.424	0
5290.077	0
5290.730	0
5291.382	0
5292.035	0
5292.687	0
5293.340	0
5293.993	0
5294.645	0
5295.298	0
5295.950	0
5296.603	0
5297.256	0
5297.908	0
5298.561	0
5299.214	0
5299.866	0
5300.519	0
5301.171	0
5301.824	0
5302.477	0
5303.129	0
5303.782	0
5304.434	0
5305.087	0
5305.740	0
5306.392	0
5307.045	0
5307.698	0
5308.350	0
5309.003	0
5309.655	0
5310.308	0
5310.961	0
5311.613	0
5312.266	0
5312.918	0
5313.571	0
5314.224	0
5314.876	0
5315.529	0
5316.181	0
5316.834	0
5317.487	0
5318.139	0
5318.792	0
5319.445	0
5320.097	0
5320.750	0
5321.402	0
5322.055	0
5322.708	0
5323.360	0
5324.013	0
5324.665	0
5325.318	0
5325.971	0
5326.623	0
5327.276	0
5327.929	0
5328.581	0
5329.234	0
5329.886	0
5330.539	0
5331.192	0
5331.844	0
5332.497	0
5333.149	0
5333.802	0
5334.455	0
5335.107	0
5335.760	0
5336.412	0
5337.065	0
5337.718	0
5338.370	0
5339.023	0
5339.676	0
5340.328	0
5340.981	0
5341.633	0
5342.286	0
5342.939	0
5343.591	0
5344.244	0
5344.896	0
5345.549	0
