time	02_Sample_Exc=300nm_Em=450nm_T=700K_I=10mkA_Fon=201.txt_dt=_DT=5s
0.000	0
26.210	0
52.419	0
78.629	0
104.838	0
131.048	0
157.258	0
183.467	0
209.677	0
235.886	0
262.096	0
288.306	0
314.515	0
340.725	0
366.934	0
393.144	0
419.354	0
445.563	0
471.773	0
497.982	0
524.192	0
550.402	0
576.611	0
602.821	0
629.030	0
655.240	0
681.450	0
707.659	0
733.869	0
760.078	0
786.288	0
812.498	0
838.707	0
864.917	0
891.126	0
917.336	0
943.546	0
969.755	0
995.965	0
1022.174	0
1048.384	0
1074.594	0
1100.803	0
1127.013	0
1153.222	0
1179.432	0
1205.642	0
1231.851	0
1258.061	0
1284.270	0
1310.480	0
1336.690	0
1362.899	0
1389.109	0
1415.318	0
1441.528	0
1467.738	0
1493.947	0
1520.157	0
1546.366	0
1572.576	0
1598.786	0
1624.995	0
1651.205	0
1677.414	0
1703.624	510
1729.834	0
1756.043	0
1782.253	0
1808.462	0
1834.672	0
1860.882	0
1887.091	0
1913.301	0
1939.510	0
1965.720	0
1991.930	0
2018.139	0
2044.349	0
2070.558	0
2096.768	0
2122.978	0
2149.187	0
2175.397	0
2201.606	0
2227.816	0
2254.026	0
2280.235	0
2306.445	0
2332.654	0
2358.864	0
2385.074	0
2411.283	0
2437.493	0
2463.702	0
2489.912	0
2516.122	0
2542.331	0
2568.541	0
2594.750	0
2620.960	0
2647.170	0
2673.379	0
2699.589	0
2725.798	0
2752.008	0
2778.218	0
2804.427	0
2830.637	0
2856.846	0
2883.056	0
2909.266	0
2935.475	0
2961.685	0
2987.894	0
3014.104	0
3040.314	0
3066.523	0
3092.733	0
3118.942	0
3145.152	0
3171.362	0
3197.571	0
3223.781	0
3249.990	0
3276.200	0
3302.410	0
3328.619	0
3354.829	0
3381.038	0
3407.248	0
3433.458	0
3459.667	0
3485.877	0
3512.086	0
3538.296	0
3564.506	0
3590.715	0
3616.925	0
3643.134	0
3669.344	0
3695.554	0
3721.763	0
3747.973	0
3774.182	0
3800.392	0
3826.602	0
3852.811	0
3879.021	0
3905.230	0
3931.440	0
3957.650	0
3983.859	0
4010.069	0
4036.278	0
4062.488	0
4088.698	0
4114.907	0
4141.117	0
4167.326	0
4193.536	0
4219.746	0
4245.955	0
4272.165	0
4298.374	0
4324.584	0
4350.794	0
4377.003	0
4403.213	0
4429.422	0
4455.632	0
4481.842	0
4508.051	0
4534.261	0
4560.470	0
4586.680	0
4612.890	0
4639.099	0
4665.309	0
4691.518	0
4717.728	0
4743.938	0
4770.147	0
4796.357	0
4822.566	0
4848.776	0
4874.986	0
4901.195	0
4927.405	0
4953.614	0
4979.824	0
5006.034	0
5032.243	0
5058.453	0
5084.662	0
5110.872	0
5137.082	0
5163.291	0
5189.501	0
5215.710	0
5241.920	0
5268.130	0
5294.339	0
5320.549	0
5346.758	0
5372.968	0
5399.178	0
5425.387	0
5451.597	0
5477.806	0
5504.016	0
5530.226	0
5556.435	0
5582.645	0
5608.854	0
5635.064	0
5661.274	0
5687.483	0
5713.693	0
5739.902	0
5766.112	0
5792.322	0
5818.531	0
5844.741	0
5870.951	0
5897.160	0
5923.370	0
5949.579	0
5975.789	0
6001.999	0
6028.208	0
6054.418	0
6080.627	0
6106.837	0
6133.047	0
6159.256	0
6185.466	0
6211.675	0
6237.885	0
6264.095	0
6290.304	0
6316.514	0
6342.723	0
6368.933	0
6395.143	0
6421.352	0
6447.562	0
6473.771	0
6499.981	0
6526.191	0
6552.400	0
6578.610	0
6604.819	0
6631.029	0
6657.239	0
6683.448	0
6709.658	0
6735.867	0
6762.077	0
6788.287	0
6814.496	0
6840.706	0
6866.915	0
6893.125	0
6919.335	0
6945.544	0
6971.754	0
6997.963	0
7024.173	0
7050.383	0
7076.592	0
7102.802	0
7129.011	0
7155.221	0
7181.431	0
7207.640	0
7233.850	0
7260.059	0
7286.269	0
7312.479	0
7338.688	0
7364.898	0
7391.107	0
7417.317	0
7443.527	0
7469.736	0
7495.946	0
7522.155	0
7548.365	0
7574.575	0
7600.784	0
7626.994	0
7653.203	0
7679.413	0
7705.623	0
7731.832	0
7758.042	0
7784.251	0
7810.461	0
7836.671	0
7862.880	0
7889.090	0
7915.299	0
7941.509	0
7967.719	0
7993.928	0
8020.138	0
8046.347	0
8072.557	0
8098.767	0
8124.976	0
8151.186	0
8177.395	0
8203.605	0
8229.815	0
8256.024	0
8282.234	0
8308.443	0
8334.653	0
8360.863	0
8387.072	0
8413.282	0
8439.491	0
8465.701	0
8491.911	0
8518.120	0
8544.330	0
8570.539	0
8596.749	0
8622.959	0
8649.168	0
8675.378	0
8701.587	0
8727.797	0
8754.007	0
8780.216	0
8806.426	0
8832.635	0
8858.845	0
8885.055	0
8911.264	0
8937.474	0
8963.683	0
8989.893	0
9016.103	0
9042.312	0
9068.522	0
9094.731	0
9120.941	0
9147.151	0
9173.360	0
9199.570	0
9225.779	0
9251.989	0
9278.199	0
9304.408	0
9330.618	0
9356.827	0
9383.037	0
9409.247	0
9435.456	0
9461.666	0
9487.875	0
9514.085	0
9540.295	0
9566.504	0
9592.714	0
9618.923	0
9645.133	0
9671.343	0
9697.552	0
9723.762	0
9749.971	0
9776.181	0
9802.391	0
9828.600	0
9854.810	0
9881.019	0
9907.229	0
9933.439	0
9959.648	0
9985.858	0
10012.067	0
10038.277	0
10064.487	0
10090.696	0
10116.906	0
10143.115	0
10169.325	0
10195.535	0
10221.744	0
10247.954	0
10274.163	0
10300.373	0
10326.583	0
10352.792	0
10379.002	0
10405.211	0
10431.421	0
10457.631	0
10483.840	0
10510.050	0
10536.259	0
10562.469	0
10588.679	0
10614.888	0
10641.098	0
10667.307	0
10693.517	0
10719.727	0
10745.936	0
10772.146	0
10798.355	0
10824.565	0
10850.775	0
10876.984	0
10903.194	0
10929.403	0
10955.613	0
10981.823	0
11008.032	0
11034.242	0
11060.451	0
11086.661	0
11112.871	0
11139.080	0
11165.290	0
11191.499	0
11217.709	0
11243.919	0
11270.128	0
11296.338	0
11322.547	0
11348.757	0
11374.967	0
11401.176	0
11427.386	0
11453.595	0
11479.805	0
11506.015	0
11532.224	0
11558.434	0
11584.643	0
11610.853	0
11637.063	0
11663.272	0
11689.482	0
11715.691	0
11741.901	0
11768.111	0
11794.320	0
11820.530	0
11846.739	0
11872.949	0
11899.159	0
11925.368	0
11951.578	0
11977.787	0
12003.997	0
12030.207	0
12056.416	0
12082.626	0
12108.835	0
12135.045	0
12161.255	0
12187.464	0
12213.674	0
12239.883	0
12266.093	0
12292.303	0
12318.512	0
12344.722	0
12370.931	0
12397.141	0
12423.351	0
12449.560	0
12475.770	0
12501.979	0
12528.189	0
12554.399	0
12580.608	0
12606.818	0
12633.027	0
12659.237	0
12685.447	0
12711.656	0
12737.866	0
12764.075	0
12790.285	0
12816.495	0
12842.704	0
12868.914	0
12895.123	0
12921.333	0
12947.543	0
12973.752	0
12999.962	0
13026.171	0
13052.381	0
13078.591	0
13104.800	0
13131.010	0
13157.219	0
13183.429	0
13209.639	0
13235.848	0
13262.058	0
13288.267	0
13314.477	0
13340.687	0
13366.896	0
13393.106	0
