time	02_Sample_Exc=300nm_Em=450nm_T=700K_I=10mkA_Fon=201.txt_dt=_DT=6s
0.000	0
6.151	0
12.302	0
18.452	0
24.603	0
30.754	0
36.905	0
43.056	0
49.206	0
55.357	0
61.508	0
67.659	0
73.810	0
79.960	0
86.111	0
92.262	0
98.413	0
104.564	0
110.714	0
116.865	0
123.016	0
129.167	0
135.318	0
141.468	0
147.619	0
153.770	0
159.921	0
166.072	0
172.222	0
178.373	0
184.524	0
190.675	0
196.826	0
202.976	0
209.127	0
215.278	0
221.429	0
227.580	0
233.730	0
239.881	0
246.032	0
252.183	0
258.334	0
264.484	0
270.635	0
276.786	0
282.937	0
289.088	0
295.238	0
301.389	0
307.540	0
313.691	0
319.842	0
325.992	0
332.143	0
338.294	0
344.445	0
350.596	0
356.746	0
362.897	0
369.048	0
375.199	0
381.350	0
387.500	0
393.651	0
399.802	0
405.953	0
412.104	0
418.254	0
424.405	0
430.556	0
436.707	0
442.858	0
449.008	0
455.159	0
461.310	0
467.461	0
473.612	0
479.762	0
485.913	0
492.064	0
498.215	0
504.366	0
510.516	0
516.667	0
522.818	0
528.969	0
535.120	0
541.270	0
547.421	0
553.572	0
559.723	0
565.874	0
572.024	0
578.175	0
584.326	0
590.477	0
596.628	0
602.778	0
608.929	0
615.080	0
621.231	0
627.382	0
633.532	0
639.683	0
645.834	0
651.985	0
658.136	0
664.286	0
670.437	0
676.588	0
682.739	0
688.890	0
695.040	0
701.191	0
707.342	0
713.493	0
719.644	0
725.794	0
731.945	0
738.096	0
744.247	0
750.398	0
756.548	0
762.699	0
768.850	0
775.001	0
781.152	0
787.302	0
793.453	0
799.604	0
805.755	0
811.906	0
818.056	0
824.207	0
830.358	0
836.509	0
842.660	0
848.810	0
854.961	0
861.112	0
867.263	0
873.414	0
879.564	0
885.715	0
891.866	0
898.017	0
904.168	0
910.318	0
916.469	0
922.620	0
928.771	0
934.922	0
941.072	0
947.223	0
953.374	0
959.525	0
965.676	0
971.826	0
977.977	0
984.128	0
990.279	0
996.430	0
1002.580	0
1008.731	0
1014.882	0
1021.033	0
1027.184	0
1033.334	0
1039.485	0
1045.636	0
1051.787	0
1057.938	0
1064.088	0
1070.239	0
1076.390	0
1082.541	0
1088.692	0
1094.842	0
1100.993	0
1107.144	0
1113.295	0
1119.446	0
1125.596	0
1131.747	0
1137.898	0
1144.049	0
1150.200	0
1156.350	0
1162.501	0
1168.652	0
1174.803	0
1180.954	0
1187.104	0
1193.255	0
1199.406	0
1205.557	0
1211.708	0
1217.858	0
1224.009	0
1230.160	0
1236.311	0
1242.462	0
1248.612	0
1254.763	0
1260.914	0
1267.065	0
1273.216	0
1279.366	0
1285.517	0
1291.668	0
1297.819	0
1303.970	0
1310.120	0
1316.271	0
1322.422	0
1328.573	0
1334.724	0
1340.874	0
1347.025	0
1353.176	0
1359.327	0
1365.478	0
1371.628	0
1377.779	0
1383.930	0
1390.081	0
1396.232	0
1402.382	0
1408.533	0
1414.684	0
1420.835	0
1426.986	0
1433.136	0
1439.287	0
1445.438	0
1451.589	0
1457.740	0
1463.890	0
1470.041	0
1476.192	0
1482.343	0
1488.494	0
1494.644	0
1500.795	0
1506.946	0
1513.097	0
1519.248	0
1525.398	0
1531.549	0
1537.700	0
1543.851	0
1550.002	0
1556.152	0
1562.303	0
1568.454	0
1574.605	0
1580.756	0
1586.906	0
1593.057	0
1599.208	0
1605.359	0
1611.510	0
1617.660	0
1623.811	0
1629.962	0
1636.113	0
1642.264	0
1648.414	0
1654.565	0
1660.716	0
1666.867	0
1673.018	0
1679.168	0
1685.319	0
1691.470	0
1697.621	0
1703.772	0
1709.922	0
1716.073	0
1722.224	0
1728.375	0
1734.526	0
1740.676	0
1746.827	0
1752.978	0
1759.129	0
1765.280	0
1771.430	0
1777.581	0
1783.732	0
1789.883	0
1796.034	0
1802.184	0
1808.335	0
1814.486	0
1820.637	0
1826.788	0
1832.938	0
1839.089	0
1845.240	0
1851.391	0
1857.542	0
1863.692	0
1869.843	0
1875.994	0
1882.145	0
1888.296	0
1894.446	0
1900.597	0
1906.748	0
1912.899	0
1919.050	0
1925.200	0
1931.351	0
1937.502	0
1943.653	0
1949.804	0
1955.954	0
1962.105	0
1968.256	0
1974.407	0
1980.558	0
1986.708	0
1992.859	0
1999.010	0
2005.161	0
2011.312	0
2017.462	0
2023.613	0
2029.764	0
2035.915	0
2042.066	0
2048.216	0
2054.367	0
2060.518	0
2066.669	0
2072.820	0
2078.970	0
2085.121	0
2091.272	0
2097.423	0
2103.574	0
2109.724	0
2115.875	0
2122.026	0
2128.177	0
2134.328	0
2140.478	0
2146.629	0
2152.780	0
2158.931	0
2165.082	0
2171.232	0
2177.383	0
2183.534	0
2189.685	0
2195.836	0
2201.986	0
2208.137	0
2214.288	0
2220.439	0
2226.590	0
2232.740	0
2238.891	0
2245.042	0
2251.193	0
2257.344	0
2263.494	0
2269.645	0
2275.796	0
2281.947	0
2288.098	0
2294.248	0
2300.399	0
2306.550	0
2312.701	0
2318.852	0
2325.002	0
2331.153	0
2337.304	0
2343.455	0
2349.606	0
2355.756	0
2361.907	0
2368.058	0
2374.209	0
2380.360	0
2386.510	0
2392.661	0
2398.812	0
2404.963	0
2411.114	0
2417.264	0
2423.415	0
2429.566	0
2435.717	0
2441.868	0
2448.018	0
2454.169	0
2460.320	0
2466.471	0
2472.622	0
2478.772	0
2484.923	0
2491.074	0
2497.225	0
2503.376	0
2509.526	0
2515.677	0
2521.828	0
2527.979	0
2534.130	0
2540.280	0
2546.431	0
2552.582	0
2558.733	0
2564.884	0
2571.034	0
2577.185	0
2583.336	0
2589.487	0
2595.638	0
2601.788	0
2607.939	0
2614.090	0
2620.241	0
2626.392	0
2632.542	0
2638.693	0
2644.844	0
2650.995	0
2657.146	0
2663.296	0
2669.447	0
2675.598	0
2681.749	0
2687.900	0
2694.050	0
2700.201	0
2706.352	0
2712.503	0
2718.654	0
2724.805	0
2730.955	0
2737.106	0
2743.257	0
2749.408	0
2755.559	0
2761.709	0
2767.860	0
2774.011	0
2780.162	0
2786.313	0
2792.463	0
2798.614	0
2804.765	0
2810.916	0
2817.067	0
2823.217	0
2829.368	0
2835.519	0
2841.670	0
2847.821	0
2853.971	0
2860.122	0
2866.273	0
2872.424	0
2878.575	0
2884.725	0
2890.876	0
2897.027	0
2903.178	0
2909.329	0
2915.479	0
2921.630	0
2927.781	0
2933.932	0
2940.083	0
2946.233	0
2952.384	0
2958.535	0
2964.686	0
2970.837	0
2976.987	0
2983.138	0
2989.289	0
2995.440	0
3001.591	0
3007.741	0
3013.892	0
3020.043	0
3026.194	0
3032.345	0
3038.495	0
3044.646	0
3050.797	0
3056.948	0
3063.099	0
3069.249	0
3075.400	0
3081.551	0
3087.702	0
3093.853	0
3100.003	0
3106.154	0
3112.305	0
3118.456	0
3124.607	0
3130.757	0
3136.908	0
3143.059	0
